{
 "metadata": {
  "language_info": {
   "codemirror_mode": {
    "name": "ipython",
    "version": 3
   },
   "file_extension": ".py",
   "mimetype": "text/x-python",
   "name": "python",
   "nbconvert_exporter": "python",
   "pygments_lexer": "ipython3",
   "version": "3.8.9"
  },
  "orig_nbformat": 2,
  "kernelspec": {
   "name": "python389jvsc74a57bd02ef1dd72f2d322dedd276e8847cd815facfd22863a40d66ee505ec0535873890",
   "display_name": "Python 3.8.9 64-bit"
  },
  "metadata": {
   "interpreter": {
    "hash": "2ef1dd72f2d322dedd276e8847cd815facfd22863a40d66ee505ec0535873890"
   }
  }
 },
 "nbformat": 4,
 "nbformat_minor": 2,
 "cells": [
  {
   "cell_type": "code",
   "execution_count": 1,
   "metadata": {},
   "outputs": [],
   "source": [
    "from stock import* \n",
    "import numpy as np\n",
    "import akshare as ak\n",
    "import pandas as pd"
   ]
  },
  {
   "cell_type": "code",
   "execution_count": 2,
   "metadata": {
    "tags": [
     "outputPrepend"
    ]
   },
   "outputs": [
    {
     "output_type": "stream",
     "name": "stdout",
     "text": [
      "175     -3.756      0.000      -1.002      -0.315\n",
      "sigma2      3908.1132    725.684      5.385      0.000    2485.799    5330.427\n",
      "===================================================================================\n",
      "Ljung-Box (L1) (Q):                   0.15   Jarque-Bera (JB):                 3.19\n",
      "Prob(Q):                              0.70   Prob(JB):                         0.20\n",
      "Heteroskedasticity (H):               0.36   Skew:                            -0.54\n",
      "Prob(H) (two-sided):                  0.05   Kurtosis:                         3.64\n",
      "===================================================================================\n",
      "\n",
      "Warnings:\n",
      "[1] Covariance matrix calculated using the outer product of gradients (complex-step).\n",
      "Performing stepwise search to minimize aic\n",
      " ARIMA(1,2,1)(0,0,0)[0] intercept   : AIC=inf, Time=0.41 sec\n",
      " ARIMA(0,2,0)(0,0,0)[0] intercept   : AIC=204.184, Time=0.01 sec\n",
      " ARIMA(1,2,0)(0,0,0)[0] intercept   : AIC=190.322, Time=0.03 sec\n",
      " ARIMA(0,2,1)(0,0,0)[0] intercept   : AIC=inf, Time=0.14 sec\n",
      " ARIMA(0,2,0)(0,0,0)[0]             : AIC=202.221, Time=0.01 sec\n",
      " ARIMA(2,2,0)(0,0,0)[0] intercept   : AIC=192.106, Time=0.05 sec\n",
      " ARIMA(2,2,1)(0,0,0)[0] intercept   : AIC=inf, Time=0.30 sec\n",
      " ARIMA(1,2,0)(0,0,0)[0]             : AIC=188.351, Time=0.04 sec\n",
      " ARIMA(2,2,0)(0,0,0)[0]             : AIC=190.133, Time=0.04 sec\n",
      " ARIMA(1,2,1)(0,0,0)[0]             : AIC=inf, Time=0.20 sec\n",
      " ARIMA(0,2,1)(0,0,0)[0]             : AIC=inf, Time=0.09 sec\n",
      " ARIMA(2,2,1)(0,0,0)[0]             : AIC=inf, Time=0.17 sec\n",
      "\n",
      "Best model:  ARIMA(1,2,0)(0,0,0)[0]          \n",
      "Total fit time: 1.512 seconds\n",
      "                               SARIMAX Results                                \n",
      "==============================================================================\n",
      "Dep. Variable:                      y   No. Observations:                   51\n",
      "Model:               SARIMAX(1, 2, 0)   Log Likelihood                 -92.175\n",
      "Date:                Wed, 21 Apr 2021   AIC                            188.351\n",
      "Time:                        17:08:07   BIC                            192.134\n",
      "Sample:                             0   HQIC                           189.786\n",
      "                                 - 51                                         \n",
      "Covariance Type:                  opg                                         \n",
      "==============================================================================\n",
      "                 coef    std err          z      P>|z|      [0.025      0.975]\n",
      "------------------------------------------------------------------------------\n",
      "ar.L1         -0.5364      0.140     -3.834      0.000      -0.811      -0.262\n",
      "sigma2         2.5029      0.520      4.812      0.000       1.483       3.522\n",
      "===================================================================================\n",
      "Ljung-Box (L1) (Q):                   0.01   Jarque-Bera (JB):                 0.91\n",
      "Prob(Q):                              0.94   Prob(JB):                         0.63\n",
      "Heteroskedasticity (H):               0.23   Skew:                             0.29\n",
      "Prob(H) (two-sided):                  0.01   Kurtosis:                         3.33\n",
      "===================================================================================\n",
      "\n",
      "Warnings:\n",
      "[1] Covariance matrix calculated using the outer product of gradients (complex-step).\n",
      "Performing stepwise search to minimize aic\n",
      " ARIMA(1,1,1)(0,0,0)[0] intercept   : AIC=182.699, Time=0.10 sec\n",
      " ARIMA(0,1,0)(0,0,0)[0] intercept   : AIC=180.369, Time=0.01 sec\n",
      " ARIMA(1,1,0)(0,0,0)[0] intercept   : AIC=180.962, Time=0.03 sec\n",
      " ARIMA(0,1,1)(0,0,0)[0] intercept   : AIC=180.772, Time=0.04 sec\n",
      " ARIMA(0,1,0)(0,0,0)[0]             : AIC=178.477, Time=0.02 sec\n",
      "\n",
      "Best model:  ARIMA(0,1,0)(0,0,0)[0]          \n",
      "Total fit time: 0.222 seconds\n",
      "                               SARIMAX Results                                \n",
      "==============================================================================\n",
      "Dep. Variable:                      y   No. Observations:                   51\n",
      "Model:               SARIMAX(0, 1, 0)   Log Likelihood                 -88.238\n",
      "Date:                Wed, 21 Apr 2021   AIC                            178.477\n",
      "Time:                        17:08:08   BIC                            180.389\n",
      "Sample:                             0   HQIC                           179.205\n",
      "                                 - 51                                         \n",
      "Covariance Type:                  opg                                         \n",
      "==============================================================================\n",
      "                 coef    std err          z      P>|z|      [0.025      0.975]\n",
      "------------------------------------------------------------------------------\n",
      "sigma2         1.9970      0.354      5.646      0.000       1.304       2.690\n",
      "===================================================================================\n",
      "Ljung-Box (L1) (Q):                   1.49   Jarque-Bera (JB):                 8.65\n",
      "Prob(Q):                              0.22   Prob(JB):                         0.01\n",
      "Heteroskedasticity (H):               0.12   Skew:                             0.95\n",
      "Prob(H) (two-sided):                  0.00   Kurtosis:                         3.73\n",
      "===================================================================================\n",
      "\n",
      "Warnings:\n",
      "[1] Covariance matrix calculated using the outer product of gradients (complex-step).\n",
      "Performing stepwise search to minimize aic\n",
      " ARIMA(1,1,1)(0,0,0)[0] intercept   : AIC=inf, Time=0.31 sec\n",
      " ARIMA(0,1,0)(0,0,0)[0] intercept   : AIC=146.793, Time=0.01 sec\n",
      " ARIMA(1,1,0)(0,0,0)[0] intercept   : AIC=148.779, Time=0.04 sec\n",
      " ARIMA(0,1,1)(0,0,0)[0] intercept   : AIC=148.775, Time=0.06 sec\n",
      " ARIMA(0,1,0)(0,0,0)[0]             : AIC=146.096, Time=0.01 sec\n",
      "\n",
      "Best model:  ARIMA(0,1,0)(0,0,0)[0]          \n",
      "Total fit time: 0.450 seconds\n",
      "                               SARIMAX Results                                \n",
      "==============================================================================\n",
      "Dep. Variable:                      y   No. Observations:                   51\n",
      "Model:               SARIMAX(0, 1, 0)   Log Likelihood                 -72.048\n",
      "Date:                Wed, 21 Apr 2021   AIC                            146.096\n",
      "Time:                        17:08:09   BIC                            148.008\n",
      "Sample:                             0   HQIC                           146.825\n",
      "                                 - 51                                         \n",
      "Covariance Type:                  opg                                         \n",
      "==============================================================================\n",
      "                 coef    std err          z      P>|z|      [0.025      0.975]\n",
      "------------------------------------------------------------------------------\n",
      "sigma2         1.0450      0.182      5.730      0.000       0.688       1.402\n",
      "===================================================================================\n",
      "Ljung-Box (L1) (Q):                   0.01   Jarque-Bera (JB):                 1.41\n",
      "Prob(Q):                              0.91   Prob(JB):                         0.49\n",
      "Heteroskedasticity (H):               0.51   Skew:                            -0.35\n",
      "Prob(H) (two-sided):                  0.17   Kurtosis:                         3.43\n",
      "===================================================================================\n",
      "\n",
      "Warnings:\n",
      "[1] Covariance matrix calculated using the outer product of gradients (complex-step).\n",
      "Performing stepwise search to minimize aic\n",
      " ARIMA(1,1,1)(0,0,0)[0] intercept   : AIC=206.506, Time=0.13 sec\n",
      " ARIMA(0,1,0)(0,0,0)[0] intercept   : AIC=205.972, Time=0.01 sec\n",
      " ARIMA(1,1,0)(0,0,0)[0] intercept   : AIC=207.908, Time=0.03 sec\n",
      " ARIMA(0,1,1)(0,0,0)[0] intercept   : AIC=207.917, Time=0.04 sec\n",
      " ARIMA(0,1,0)(0,0,0)[0]             : AIC=203.981, Time=0.01 sec\n",
      "\n",
      "Best model:  ARIMA(0,1,0)(0,0,0)[0]          \n",
      "Total fit time: 0.232 seconds\n",
      "                               SARIMAX Results                                \n",
      "==============================================================================\n",
      "Dep. Variable:                      y   No. Observations:                   51\n",
      "Model:               SARIMAX(0, 1, 0)   Log Likelihood                -100.991\n",
      "Date:                Wed, 21 Apr 2021   AIC                            203.981\n",
      "Time:                        17:08:10   BIC                            205.893\n",
      "Sample:                             0   HQIC                           204.709\n",
      "                                 - 51                                         \n",
      "Covariance Type:                  opg                                         \n",
      "==============================================================================\n",
      "                 coef    std err          z      P>|z|      [0.025      0.975]\n",
      "------------------------------------------------------------------------------\n",
      "sigma2         3.3259      0.613      5.427      0.000       2.125       4.527\n",
      "===================================================================================\n",
      "Ljung-Box (L1) (Q):                   0.07   Jarque-Bera (JB):                 0.73\n",
      "Prob(Q):                              0.79   Prob(JB):                         0.69\n",
      "Heteroskedasticity (H):               0.51   Skew:                            -0.24\n",
      "Prob(H) (two-sided):                  0.17   Kurtosis:                         3.34\n",
      "===================================================================================\n",
      "\n",
      "Warnings:\n",
      "[1] Covariance matrix calculated using the outer product of gradients (complex-step).\n",
      "Performing stepwise search to minimize aic\n",
      " ARIMA(1,0,1)(0,0,0)[0]             : AIC=224.202, Time=0.19 sec\n",
      " ARIMA(0,0,0)(0,0,0)[0]             : AIC=567.177, Time=0.01 sec\n",
      " ARIMA(1,0,0)(0,0,0)[0]             : AIC=inf, Time=0.06 sec\n",
      " ARIMA(0,0,1)(0,0,0)[0]             : AIC=inf, Time=0.04 sec\n",
      " ARIMA(2,0,1)(0,0,0)[0]             : AIC=inf, Time=0.21 sec\n",
      " ARIMA(1,0,2)(0,0,0)[0]             : AIC=218.613, Time=0.14 sec\n",
      " ARIMA(0,0,2)(0,0,0)[0]             : AIC=inf, Time=0.28 sec\n",
      " ARIMA(2,0,2)(0,0,0)[0]             : AIC=220.054, Time=0.30 sec\n",
      " ARIMA(1,0,3)(0,0,0)[0]             : AIC=220.193, Time=0.21 sec\n",
      " ARIMA(0,0,3)(0,0,0)[0]             : AIC=inf, Time=0.25 sec\n",
      " ARIMA(2,0,3)(0,0,0)[0]             : AIC=inf, Time=0.30 sec\n",
      " ARIMA(1,0,2)(0,0,0)[0] intercept   : AIC=210.750, Time=0.18 sec\n",
      " ARIMA(0,0,2)(0,0,0)[0] intercept   : AIC=209.938, Time=0.08 sec\n",
      " ARIMA(0,0,1)(0,0,0)[0] intercept   : AIC=209.729, Time=0.03 sec\n",
      " ARIMA(0,0,0)(0,0,0)[0] intercept   : AIC=225.301, Time=0.01 sec\n",
      " ARIMA(1,0,1)(0,0,0)[0] intercept   : AIC=208.846, Time=0.18 sec\n",
      " ARIMA(1,0,0)(0,0,0)[0] intercept   : AIC=207.126, Time=0.03 sec\n",
      " ARIMA(2,0,0)(0,0,0)[0] intercept   : AIC=208.868, Time=0.17 sec\n",
      " ARIMA(2,0,1)(0,0,0)[0] intercept   : AIC=210.881, Time=0.30 sec\n",
      "\n",
      "Best model:  ARIMA(1,0,0)(0,0,0)[0] intercept\n",
      "Total fit time: 2.993 seconds\n",
      "                               SARIMAX Results                                \n",
      "==============================================================================\n",
      "Dep. Variable:                      y   No. Observations:                   51\n",
      "Model:               SARIMAX(1, 0, 0)   Log Likelihood                -100.563\n",
      "Date:                Wed, 21 Apr 2021   AIC                            207.126\n",
      "Time:                        17:08:14   BIC                            212.922\n",
      "Sample:                             0   HQIC                           209.341\n",
      "                                 - 51                                         \n",
      "Covariance Type:                  opg                                         \n",
      "==============================================================================\n",
      "                 coef    std err          z      P>|z|      [0.025      0.975]\n",
      "------------------------------------------------------------------------------\n",
      "intercept     26.0697      8.438      3.089      0.002       9.531      42.608\n",
      "ar.L1          0.5774      0.135      4.274      0.000       0.313       0.842\n",
      "sigma2         2.9976      0.560      5.349      0.000       1.899       4.096\n",
      "===================================================================================\n",
      "Ljung-Box (L1) (Q):                   0.09   Jarque-Bera (JB):                 3.32\n",
      "Prob(Q):                              0.76   Prob(JB):                         0.19\n",
      "Heteroskedasticity (H):               0.75   Skew:                             0.26\n",
      "Prob(H) (two-sided):                  0.56   Kurtosis:                         4.14\n",
      "===================================================================================\n",
      "\n",
      "Warnings:\n",
      "[1] Covariance matrix calculated using the outer product of gradients (complex-step).\n",
      "Performing stepwise search to minimize aic\n",
      " ARIMA(1,1,1)(0,0,0)[0] intercept   : AIC=inf, Time=0.40 sec\n",
      " ARIMA(0,1,0)(0,0,0)[0] intercept   : AIC=239.833, Time=0.02 sec\n",
      " ARIMA(1,1,0)(0,0,0)[0] intercept   : AIC=241.818, Time=0.05 sec\n",
      " ARIMA(0,1,1)(0,0,0)[0] intercept   : AIC=241.813, Time=0.05 sec\n",
      " ARIMA(0,1,0)(0,0,0)[0]             : AIC=238.730, Time=0.01 sec\n",
      "\n",
      "Best model:  ARIMA(0,1,0)(0,0,0)[0]          \n",
      "Total fit time: 0.553 seconds\n",
      "                               SARIMAX Results                                \n",
      "==============================================================================\n",
      "Dep. Variable:                      y   No. Observations:                   51\n",
      "Model:               SARIMAX(0, 1, 0)   Log Likelihood                -118.365\n",
      "Date:                Wed, 21 Apr 2021   AIC                            238.730\n",
      "Time:                        17:08:15   BIC                            240.643\n",
      "Sample:                             0   HQIC                           239.459\n",
      "                                 - 51                                         \n",
      "Covariance Type:                  opg                                         \n",
      "==============================================================================\n",
      "                 coef    std err          z      P>|z|      [0.025      0.975]\n",
      "------------------------------------------------------------------------------\n",
      "sigma2         6.6641      0.892      7.474      0.000       4.916       8.412\n",
      "===================================================================================\n",
      "Ljung-Box (L1) (Q):                   0.02   Jarque-Bera (JB):                14.09\n",
      "Prob(Q):                              0.90   Prob(JB):                         0.00\n",
      "Heteroskedasticity (H):               0.18   Skew:                            -0.71\n",
      "Prob(H) (two-sided):                  0.00   Kurtosis:                         5.18\n",
      "===================================================================================\n",
      "\n",
      "Warnings:\n",
      "[1] Covariance matrix calculated using the outer product of gradients (complex-step).\n",
      "Performing stepwise search to minimize aic\n",
      " ARIMA(1,2,1)(0,0,0)[0] intercept   : AIC=inf, Time=0.22 sec\n",
      " ARIMA(0,2,0)(0,0,0)[0] intercept   : AIC=242.737, Time=0.02 sec\n",
      " ARIMA(1,2,0)(0,0,0)[0] intercept   : AIC=231.387, Time=0.03 sec\n",
      " ARIMA(0,2,1)(0,0,0)[0] intercept   : AIC=inf, Time=0.19 sec\n",
      " ARIMA(0,2,0)(0,0,0)[0]             : AIC=240.742, Time=0.01 sec\n",
      " ARIMA(2,2,0)(0,0,0)[0] intercept   : AIC=229.002, Time=0.05 sec\n",
      " ARIMA(3,2,0)(0,0,0)[0] intercept   : AIC=221.216, Time=0.08 sec\n",
      " ARIMA(4,2,0)(0,0,0)[0] intercept   : AIC=219.956, Time=0.11 sec\n",
      " ARIMA(5,2,0)(0,0,0)[0] intercept   : AIC=221.918, Time=0.12 sec\n",
      " ARIMA(4,2,1)(0,0,0)[0] intercept   : AIC=inf, Time=0.63 sec\n",
      " ARIMA(3,2,1)(0,0,0)[0] intercept   : AIC=220.489, Time=0.11 sec\n",
      " ARIMA(5,2,1)(0,0,0)[0] intercept   : AIC=inf, Time=0.54 sec\n",
      " ARIMA(4,2,0)(0,0,0)[0]             : AIC=217.989, Time=0.06 sec\n",
      " ARIMA(3,2,0)(0,0,0)[0]             : AIC=219.228, Time=0.04 sec\n",
      " ARIMA(5,2,0)(0,0,0)[0]             : AIC=219.950, Time=0.08 sec\n",
      " ARIMA(4,2,1)(0,0,0)[0]             : AIC=219.968, Time=0.26 sec\n",
      " ARIMA(3,2,1)(0,0,0)[0]             : AIC=218.522, Time=0.07 sec\n",
      " ARIMA(5,2,1)(0,0,0)[0]             : AIC=219.942, Time=0.32 sec\n",
      "\n",
      "Best model:  ARIMA(4,2,0)(0,0,0)[0]          \n",
      "Total fit time: 2.986 seconds\n",
      "                               SARIMAX Results                                \n",
      "==============================================================================\n",
      "Dep. Variable:                      y   No. Observations:                   51\n",
      "Model:               SARIMAX(4, 2, 0)   Log Likelihood                -103.994\n",
      "Date:                Wed, 21 Apr 2021   AIC                            217.989\n",
      "Time:                        17:08:19   BIC                            227.448\n",
      "Sample:                             0   HQIC                           221.578\n",
      "                                 - 51                                         \n",
      "Covariance Type:                  opg                                         \n",
      "==============================================================================\n",
      "                 coef    std err          z      P>|z|      [0.025      0.975]\n",
      "------------------------------------------------------------------------------\n",
      "ar.L1         -0.9049      0.209     -4.335      0.000      -1.314      -0.496\n",
      "ar.L2         -0.7727      0.261     -2.965      0.003      -1.284      -0.262\n",
      "ar.L3         -0.6659      0.195     -3.409      0.001      -1.049      -0.283\n",
      "ar.L4         -0.2663      0.191     -1.396      0.163      -0.640       0.108\n",
      "sigma2         3.9614      0.907      4.367      0.000       2.183       5.739\n",
      "===================================================================================\n",
      "Ljung-Box (L1) (Q):                   0.03   Jarque-Bera (JB):                 3.59\n",
      "Prob(Q):                              0.86   Prob(JB):                         0.17\n",
      "Heteroskedasticity (H):               0.42   Skew:                            -0.57\n",
      "Prob(H) (two-sided):                  0.09   Kurtosis:                         3.69\n",
      "===================================================================================\n",
      "\n",
      "Warnings:\n",
      "[1] Covariance matrix calculated using the outer product of gradients (complex-step).\n",
      "Performing stepwise search to minimize aic\n",
      " ARIMA(1,1,1)(0,0,0)[0] intercept   : AIC=27.607, Time=0.33 sec\n",
      " ARIMA(0,1,0)(0,0,0)[0] intercept   : AIC=23.779, Time=0.03 sec\n",
      " ARIMA(1,1,0)(0,0,0)[0] intercept   : AIC=25.699, Time=0.03 sec\n",
      " ARIMA(0,1,1)(0,0,0)[0] intercept   : AIC=25.703, Time=0.07 sec\n",
      " ARIMA(0,1,0)(0,0,0)[0]             : AIC=22.910, Time=0.01 sec\n",
      "\n",
      "Best model:  ARIMA(0,1,0)(0,0,0)[0]          \n",
      "Total fit time: 0.481 seconds\n",
      "                               SARIMAX Results                                \n",
      "==============================================================================\n",
      "Dep. Variable:                      y   No. Observations:                   51\n",
      "Model:               SARIMAX(0, 1, 0)   Log Likelihood                 -10.455\n",
      "Date:                Wed, 21 Apr 2021   AIC                             22.910\n",
      "Time:                        17:08:20   BIC                             24.822\n",
      "Sample:                             0   HQIC                            23.638\n",
      "                                 - 51                                         \n",
      "Covariance Type:                  opg                                         \n",
      "==============================================================================\n",
      "                 coef    std err          z      P>|z|      [0.025      0.975]\n",
      "------------------------------------------------------------------------------\n",
      "sigma2         0.0889      0.018      4.816      0.000       0.053       0.125\n",
      "===================================================================================\n",
      "Ljung-Box (L1) (Q):                   0.08   Jarque-Bera (JB):                 2.67\n",
      "Prob(Q):                              0.77   Prob(JB):                         0.26\n",
      "Heteroskedasticity (H):               0.60   Skew:                             0.52\n",
      "Prob(H) (two-sided):                  0.31   Kurtosis:                         2.54\n",
      "===================================================================================\n",
      "\n",
      "Warnings:\n",
      "[1] Covariance matrix calculated using the outer product of gradients (complex-step).\n"
     ]
    },
    {
     "output_type": "execute_result",
     "data": {
      "text/plain": [
       "array([[ 8.74171826e-04,  1.93758872e-04,  2.72919369e-04,\n",
       "         2.87894649e-04,  2.53463399e-04,  6.40007329e-05,\n",
       "         2.12255504e-04,  2.53028897e-04,  1.58885341e-04,\n",
       "         6.57212274e-05,  1.66495875e-04,  1.94492338e-04,\n",
       "         1.41628587e-04,  1.87265467e-04,  1.80943442e-04],\n",
       "       [ 1.93758872e-04,  7.38528405e-04,  1.68011917e-04,\n",
       "         2.92014008e-04,  2.12833051e-04,  1.88494001e-05,\n",
       "         2.13742155e-04,  1.47349977e-04,  9.94331621e-05,\n",
       "         8.47302837e-05,  4.49807185e-05,  1.53236435e-04,\n",
       "         7.60693047e-05,  1.24682703e-04,  2.05759255e-04],\n",
       "       [ 2.72919369e-04,  1.68011917e-04,  5.75349500e-04,\n",
       "         2.59672372e-04,  2.10254695e-04,  6.75490995e-05,\n",
       "         1.97666331e-04,  2.43952388e-04,  1.91403888e-04,\n",
       "         9.74429896e-05,  1.27825539e-04,  1.79262839e-04,\n",
       "         1.47209419e-04,  1.53615020e-04,  1.76388630e-04],\n",
       "       [ 2.87894649e-04,  2.92014008e-04,  2.59672372e-04,\n",
       "         6.53647940e-04,  2.77097546e-04,  6.97987348e-05,\n",
       "         4.32539668e-04,  2.16928826e-04,  2.48282390e-04,\n",
       "         1.18175186e-04,  8.43166070e-05,  2.25118804e-04,\n",
       "         1.52770466e-04,  1.93634234e-04,  1.97286725e-04],\n",
       "       [ 2.53463399e-04,  2.12833051e-04,  2.10254695e-04,\n",
       "         2.77097546e-04,  5.84011042e-04,  3.97569252e-05,\n",
       "         2.11292485e-04,  1.89409022e-04,  1.68513608e-04,\n",
       "         9.10377353e-05,  7.90089865e-05,  1.77933554e-04,\n",
       "         1.15982723e-04,  1.95393877e-04,  1.97923834e-04],\n",
       "       [ 6.40007329e-05,  1.88494001e-05,  6.75490995e-05,\n",
       "         6.97987348e-05,  3.97569252e-05,  5.57088401e-04,\n",
       "         5.50875618e-05,  7.51008114e-05,  2.13853243e-05,\n",
       "         5.27435723e-05,  2.59759672e-04,  4.68231729e-07,\n",
       "         5.16719122e-05,  2.46343904e-05, -4.58674785e-06],\n",
       "       [ 2.12255504e-04,  2.13742155e-04,  1.97666331e-04,\n",
       "         4.32539668e-04,  2.11292485e-04,  5.50875618e-05,\n",
       "         4.32048895e-04,  1.68849754e-04,  2.01611924e-04,\n",
       "         8.81795544e-05,  7.20518333e-05,  1.65430910e-04,\n",
       "         1.18489726e-04,  1.49607039e-04,  1.55069378e-04],\n",
       "       [ 2.53028897e-04,  1.47349977e-04,  2.43952388e-04,\n",
       "         2.16928826e-04,  1.89409022e-04,  7.51008114e-05,\n",
       "         1.68849754e-04,  5.82729784e-04,  1.34904928e-04,\n",
       "         8.96700421e-05,  8.93972123e-05,  1.75609101e-04,\n",
       "         1.00815098e-04,  1.38948759e-04,  1.73379326e-04],\n",
       "       [ 1.58885341e-04,  9.94331621e-05,  1.91403888e-04,\n",
       "         2.48282390e-04,  1.68513608e-04,  2.13853243e-05,\n",
       "         2.01611924e-04,  1.34904928e-04,  3.33879294e-04,\n",
       "         3.06023145e-05,  5.98238758e-05,  1.78726007e-04,\n",
       "         9.20647465e-05,  1.04486299e-04,  1.11595459e-04],\n",
       "       [ 6.57212274e-05,  8.47302837e-05,  9.74429896e-05,\n",
       "         1.18175186e-04,  9.10377353e-05,  5.27435723e-05,\n",
       "         8.81795544e-05,  8.96700421e-05,  3.06023145e-05,\n",
       "         5.24485587e-04,  8.39217800e-05,  7.05213788e-05,\n",
       "         8.54471938e-05,  7.74957377e-05,  6.11976930e-05],\n",
       "       [ 1.66495875e-04,  4.49807185e-05,  1.27825539e-04,\n",
       "         8.43166070e-05,  7.90089865e-05,  2.59759672e-04,\n",
       "         7.20518333e-05,  8.93972123e-05,  5.98238758e-05,\n",
       "         8.39217800e-05,  6.77621181e-04,  6.48172677e-05,\n",
       "         1.14901669e-04,  6.84049556e-05,  6.55361449e-05],\n",
       "       [ 1.94492338e-04,  1.53236435e-04,  1.79262839e-04,\n",
       "         2.25118804e-04,  1.77933554e-04,  4.68231729e-07,\n",
       "         1.65430910e-04,  1.75609101e-04,  1.78726007e-04,\n",
       "         7.05213788e-05,  6.48172677e-05,  5.46722137e-04,\n",
       "         9.37017864e-05,  7.39674285e-05,  1.57892127e-04],\n",
       "       [ 1.41628587e-04,  7.60693047e-05,  1.47209419e-04,\n",
       "         1.52770466e-04,  1.15982723e-04,  5.16719122e-05,\n",
       "         1.18489726e-04,  1.00815098e-04,  9.20647465e-05,\n",
       "         8.54471938e-05,  1.14901669e-04,  9.37017864e-05,\n",
       "         4.77720044e-04,  1.32923020e-04,  7.22399764e-05],\n",
       "       [ 1.87265467e-04,  1.24682703e-04,  1.53615020e-04,\n",
       "         1.93634234e-04,  1.95393877e-04,  2.46343904e-05,\n",
       "         1.49607039e-04,  1.38948759e-04,  1.04486299e-04,\n",
       "         7.74957377e-05,  6.84049556e-05,  7.39674285e-05,\n",
       "         1.32923020e-04,  1.00357838e-03,  1.83421718e-04],\n",
       "       [ 1.80943442e-04,  2.05759255e-04,  1.76388630e-04,\n",
       "         1.97286725e-04,  1.97923834e-04, -4.58674785e-06,\n",
       "         1.55069378e-04,  1.73379326e-04,  1.11595459e-04,\n",
       "         6.11976930e-05,  6.55361449e-05,  1.57892127e-04,\n",
       "         7.22399764e-05,  1.83421718e-04,  7.44402120e-04]])"
      ]
     },
     "metadata": {},
     "execution_count": 2
    }
   ],
   "source": [
    "import numpy as np\n",
    "stock_list=[\"sz002594\",\"sh603517\",\"sh600031\",\n",
    "            \"sz000858\",\"sh603816\",\"sh600690\",\n",
    "            \"sh600519\",\"sz002493\",\"sh601318\",\n",
    "            \"sz000895\",\"sz002415\",\"sh601021\",\n",
    "            \"sz000333\",\"sz300413\",\"sz002332\"]\n",
    "day=70\n",
    "ExpReturn=[]\n",
    "ExpCov=[]\n",
    "for s in stock_list:\n",
    "    data = ak.stock_zh_a_daily(symbol=s, adjust=\"qfq\")\n",
    "    k=stock(data,s,day)\n",
    "    ExpReturn.append(k.ExpReturn1())\n",
    "    ExpCov.append(k.His_Return())\n",
    "ExpReturn=np.array(ExpReturn)\n",
    "ExpCov=np.array(ExpCov)\n",
    "ExpCov=np.cov(ExpCov)\n",
    "ExpCov"
   ]
  },
  {
   "cell_type": "code",
   "execution_count": 3,
   "metadata": {},
   "outputs": [
    {
     "output_type": "display_data",
     "data": {
      "text/plain": "<Figure size 432x288 with 1 Axes>",
