{
 "metadata": {
  "language_info": {
   "codemirror_mode": {
    "name": "ipython",
    "version": 3
   },
   "file_extension": ".py",
   "mimetype": "text/x-python",
   "name": "python",
   "nbconvert_exporter": "python",
   "pygments_lexer": "ipython3",
   "version": "3.8.9"
  },
  "orig_nbformat": 2,
  "kernelspec": {
   "name": "python389jvsc74a57bd02ef1dd72f2d322dedd276e8847cd815facfd22863a40d66ee505ec0535873890",
   "display_name": "Python 3.8.9 64-bit"
  },
  "metadata": {
   "interpreter": {
    "hash": "2ef1dd72f2d322dedd276e8847cd815facfd22863a40d66ee505ec0535873890"
   }
  }
 },
 "nbformat": 4,
 "nbformat_minor": 2,
 "cells": [
  {
   "cell_type": "code",
   "execution_count": 1,
   "metadata": {},
   "outputs": [],
   "source": [
    "from stock import* \n",
    "import numpy as np\n",
    "import akshare as ak\n",
    "import pandas as pd"
   ]
  },
  {
   "cell_type": "code",
   "execution_count": 2,
   "metadata": {
    "tags": [
     "outputPrepend"
    ]
   },
   "outputs": [
    {
     "output_type": "stream",
     "name": "stdout",
     "text": [
      " \n",
      "==============================================================================\n",
      "                 coef    std err          z      P>|z|      [0.025      0.975]\n",
      "------------------------------------------------------------------------------\n",
      "ar.L1         -0.9555      0.068    -13.970      0.000      -1.090      -0.821\n",
      "ma.L1          0.0633      0.160      0.394      0.693      -0.251       0.378\n",
      "ma.L2         -0.6249      0.159     -3.939      0.000      -0.936      -0.314\n",
      "sigma2      3894.4900    717.730      5.426      0.000    2487.766    5301.214\n",
      "===================================================================================\n",
      "Ljung-Box (L1) (Q):                   0.16   Jarque-Bera (JB):                 2.88\n",
      "Prob(Q):                              0.69   Prob(JB):                         0.24\n",
      "Heteroskedasticity (H):               0.39   Skew:                            -0.51\n",
      "Prob(H) (two-sided):                  0.07   Kurtosis:                         3.62\n",
      "===================================================================================\n",
      "\n",
      "Warnings:\n",
      "[1] Covariance matrix calculated using the outer product of gradients (complex-step).\n",
      "Performing stepwise search to minimize aic\n",
      " ARIMA(1,1,1)(0,0,0)[0] intercept   : AIC=177.900, Time=0.18 sec\n",
      " ARIMA(0,1,0)(0,0,0)[0] intercept   : AIC=174.504, Time=0.02 sec\n",
      " ARIMA(1,1,0)(0,0,0)[0] intercept   : AIC=176.083, Time=0.04 sec\n",
      " ARIMA(0,1,1)(0,0,0)[0] intercept   : AIC=176.182, Time=0.04 sec\n",
      " ARIMA(0,1,0)(0,0,0)[0]             : AIC=174.264, Time=0.01 sec\n",
      "\n",
      "Best model:  ARIMA(0,1,0)(0,0,0)[0]          \n",
      "Total fit time: 0.319 seconds\n",
      "                               SARIMAX Results                                \n",
      "==============================================================================\n",
      "Dep. Variable:                      y   No. Observations:                   51\n",
      "Model:               SARIMAX(0, 1, 0)   Log Likelihood                 -86.132\n",
      "Date:                Thu, 22 Apr 2021   AIC                            174.264\n",
      "Time:                        00:20:32   BIC                            176.176\n",
      "Sample:                             0   HQIC                           174.992\n",
      "                                 - 51                                         \n",
      "Covariance Type:                  opg                                         \n",
      "==============================================================================\n",
      "                 coef    std err          z      P>|z|      [0.025      0.975]\n",
      "------------------------------------------------------------------------------\n",
      "sigma2         1.8356      0.305      6.019      0.000       1.238       2.433\n",
      "===================================================================================\n",
      "Ljung-Box (L1) (Q):                   0.45   Jarque-Bera (JB):                 2.57\n",
      "Prob(Q):                              0.50   Prob(JB):                         0.28\n",
      "Heteroskedasticity (H):               0.23   Skew:                             0.14\n",
      "Prob(H) (two-sided):                  0.00   Kurtosis:                         4.07\n",
      "===================================================================================\n",
      "\n",
      "Warnings:\n",
      "[1] Covariance matrix calculated using the outer product of gradients (complex-step).\n",
      "Performing stepwise search to minimize aic\n",
      " ARIMA(1,1,1)(0,0,0)[0] intercept   : AIC=182.041, Time=0.08 sec\n",
      " ARIMA(0,1,0)(0,0,0)[0] intercept   : AIC=179.885, Time=0.01 sec\n",
      " ARIMA(1,1,0)(0,0,0)[0] intercept   : AIC=180.123, Time=0.03 sec\n",
      " ARIMA(0,1,1)(0,0,0)[0] intercept   : AIC=180.045, Time=0.04 sec\n",
      " ARIMA(0,1,0)(0,0,0)[0]             : AIC=177.951, Time=0.01 sec\n",
      "\n",
      "Best model:  ARIMA(0,1,0)(0,0,0)[0]          \n",
      "Total fit time: 0.181 seconds\n",
      "                               SARIMAX Results                                \n",
      "==============================================================================\n",
      "Dep. Variable:                      y   No. Observations:                   51\n",
      "Model:               SARIMAX(0, 1, 0)   Log Likelihood                 -87.976\n",
      "Date:                Thu, 22 Apr 2021   AIC                            177.951\n",
      "Time:                        00:20:33   BIC                            179.863\n",
      "Sample:                             0   HQIC                           178.679\n",
      "                                 - 51                                         \n",
      "Covariance Type:                  opg                                         \n",
      "==============================================================================\n",
      "                 coef    std err          z      P>|z|      [0.025      0.975]\n",
      "------------------------------------------------------------------------------\n",
      "sigma2         1.9761      0.345      5.721      0.000       1.299       2.653\n",
      "===================================================================================\n",
      "Ljung-Box (L1) (Q):                   1.82   Jarque-Bera (JB):                 8.60\n",
      "Prob(Q):                              0.18   Prob(JB):                         0.01\n",
      "Heteroskedasticity (H):               0.11   Skew:                             0.94\n",
      "Prob(H) (two-sided):                  0.00   Kurtosis:                         3.76\n",
      "===================================================================================\n",
      "\n",
      "Warnings:\n",
      "[1] Covariance matrix calculated using the outer product of gradients (complex-step).\n",
      "Performing stepwise search to minimize aic\n",
      " ARIMA(1,1,1)(0,0,0)[0] intercept   : AIC=146.468, Time=0.25 sec\n",
      " ARIMA(0,1,0)(0,0,0)[0] intercept   : AIC=142.594, Time=0.04 sec\n",
      " ARIMA(1,1,0)(0,0,0)[0] intercept   : AIC=144.576, Time=0.03 sec\n",
      " ARIMA(0,1,1)(0,0,0)[0] intercept   : AIC=144.572, Time=0.03 sec\n",
      " ARIMA(0,1,0)(0,0,0)[0]             : AIC=142.509, Time=0.01 sec\n",
      "\n",
      "Best model:  ARIMA(0,1,0)(0,0,0)[0]          \n",
      "Total fit time: 0.375 seconds\n",
      "                               SARIMAX Results                                \n",
      "==============================================================================\n",
      "Dep. Variable:                      y   No. Observations:                   51\n",
      "Model:               SARIMAX(0, 1, 0)   Log Likelihood                 -70.255\n",
      "Date:                Thu, 22 Apr 2021   AIC                            142.509\n",
      "Time:                        00:20:35   BIC                            144.421\n",
      "Sample:                             0   HQIC                           143.237\n",
      "                                 - 51                                         \n",
      "Covariance Type:                  opg                                         \n",
      "==============================================================================\n",
      "                 coef    std err          z      P>|z|      [0.025      0.975]\n",
      "------------------------------------------------------------------------------\n",
      "sigma2         0.9727      0.163      5.963      0.000       0.653       1.292\n",
      "===================================================================================\n",
      "Ljung-Box (L1) (Q):                   0.02   Jarque-Bera (JB):                 2.84\n",
      "Prob(Q):                              0.89   Prob(JB):                         0.24\n",
      "Heteroskedasticity (H):               0.58   Skew:                            -0.53\n",
      "Prob(H) (two-sided):                  0.27   Kurtosis:                         3.50\n",
      "===================================================================================\n",
      "\n",
      "Warnings:\n",
      "[1] Covariance matrix calculated using the outer product of gradients (complex-step).\n",
      "Performing stepwise search to minimize aic\n",
      " ARIMA(1,1,1)(0,0,0)[0] intercept   : AIC=206.588, Time=0.17 sec\n",
      " ARIMA(0,1,0)(0,0,0)[0] intercept   : AIC=205.790, Time=0.01 sec\n",
      " ARIMA(1,1,0)(0,0,0)[0] intercept   : AIC=207.778, Time=0.03 sec\n",
      " ARIMA(0,1,1)(0,0,0)[0] intercept   : AIC=207.779, Time=0.05 sec\n",
      " ARIMA(0,1,0)(0,0,0)[0]             : AIC=203.827, Time=0.01 sec\n",
      "\n",
      "Best model:  ARIMA(0,1,0)(0,0,0)[0]          \n",
      "Total fit time: 0.276 seconds\n",
      "                               SARIMAX Results                                \n",
      "==============================================================================\n",
      "Dep. Variable:                      y   No. Observations:                   51\n",
      "Model:               SARIMAX(0, 1, 0)   Log Likelihood                -100.913\n",
      "Date:                Thu, 22 Apr 2021   AIC                            203.827\n",
      "Time:                        00:20:36   BIC                            205.739\n",
      "Sample:                             0   HQIC                           204.555\n",
      "                                 - 51                                         \n",
      "Covariance Type:                  opg                                         \n",
      "==============================================================================\n",
      "                 coef    std err          z      P>|z|      [0.025      0.975]\n",
      "------------------------------------------------------------------------------\n",
      "sigma2         3.3157      0.608      5.450      0.000       2.123       4.508\n",
      "===================================================================================\n",
      "Ljung-Box (L1) (Q):                   0.01   Jarque-Bera (JB):                 0.61\n",
      "Prob(Q):                              0.91   Prob(JB):                         0.74\n",
      "Heteroskedasticity (H):               0.40   Skew:                            -0.21\n",
      "Prob(H) (two-sided):                  0.07   Kurtosis:                         3.35\n",
      "===================================================================================\n",
      "\n",
      "Warnings:\n",
      "[1] Covariance matrix calculated using the outer product of gradients (complex-step).\n",
      "Performing stepwise search to minimize aic\n",
      " ARIMA(1,0,1)(0,0,0)[0]             : AIC=224.236, Time=0.10 sec\n",
      " ARIMA(0,0,0)(0,0,0)[0]             : AIC=567.193, Time=0.01 sec\n",
      " ARIMA(1,0,0)(0,0,0)[0]             : AIC=inf, Time=0.05 sec\n",
      " ARIMA(0,0,1)(0,0,0)[0]             : AIC=inf, Time=0.06 sec\n",
      " ARIMA(2,0,1)(0,0,0)[0]             : AIC=inf, Time=0.29 sec\n",
      " ARIMA(1,0,2)(0,0,0)[0]             : AIC=219.279, Time=0.15 sec\n",
      " ARIMA(0,0,2)(0,0,0)[0]             : AIC=inf, Time=0.34 sec\n",
      " ARIMA(2,0,2)(0,0,0)[0]             : AIC=inf, Time=0.22 sec\n",
      " ARIMA(1,0,3)(0,0,0)[0]             : AIC=220.732, Time=0.23 sec\n",
      " ARIMA(0,0,3)(0,0,0)[0]             : AIC=inf, Time=0.23 sec\n",
      " ARIMA(2,0,3)(0,0,0)[0]             : AIC=inf, Time=0.23 sec\n",
      " ARIMA(1,0,2)(0,0,0)[0] intercept   : AIC=210.892, Time=0.11 sec\n",
      " ARIMA(0,0,2)(0,0,0)[0] intercept   : AIC=209.942, Time=0.06 sec\n",
      " ARIMA(0,0,1)(0,0,0)[0] intercept   : AIC=209.932, Time=0.04 sec\n",
      " ARIMA(0,0,0)(0,0,0)[0] intercept   : AIC=225.499, Time=0.01 sec\n",
      " ARIMA(1,0,1)(0,0,0)[0] intercept   : AIC=208.927, Time=0.22 sec\n",
      " ARIMA(1,0,0)(0,0,0)[0] intercept   : AIC=207.174, Time=0.05 sec\n",
      " ARIMA(2,0,0)(0,0,0)[0] intercept   : AIC=208.947, Time=0.07 sec\n",
      " ARIMA(2,0,1)(0,0,0)[0] intercept   : AIC=210.945, Time=0.16 sec\n",
      "\n",
      "Best model:  ARIMA(1,0,0)(0,0,0)[0] intercept\n",
      "Total fit time: 2.652 seconds\n",
      "                               SARIMAX Results                                \n",
      "==============================================================================\n",
      "Dep. Variable:                      y   No. Observations:                   51\n",
      "Model:               SARIMAX(1, 0, 0)   Log Likelihood                -100.587\n",
      "Date:                Thu, 22 Apr 2021   AIC                            207.174\n",
      "Time:                        00:20:40   BIC                            212.970\n",
      "Sample:                             0   HQIC                           209.389\n",
      "                                 - 51                                         \n",
      "Covariance Type:                  opg                                         \n",
      "==============================================================================\n",
      "                 coef    std err          z      P>|z|      [0.025      0.975]\n",
      "------------------------------------------------------------------------------\n",
      "intercept     25.9449      8.463      3.066      0.002       9.357      42.533\n",
      "ar.L1          0.5795      0.135      4.277      0.000       0.314       0.845\n",
      "sigma2         3.0002      0.562      5.340      0.000       1.899       4.101\n",
      "===================================================================================\n",
      "Ljung-Box (L1) (Q):                   0.08   Jarque-Bera (JB):                 3.26\n",
      "Prob(Q):                              0.78   Prob(JB):                         0.20\n",
      "Heteroskedasticity (H):               0.56   Skew:                             0.24\n",
      "Prob(H) (two-sided):                  0.24   Kurtosis:                         4.14\n",
      "===================================================================================\n",
      "\n",
      "Warnings:\n",
      "[1] Covariance matrix calculated using the outer product of gradients (complex-step).\n",
      "Performing stepwise search to minimize aic\n",
      " ARIMA(1,1,1)(0,0,0)[0] intercept   : AIC=inf, Time=0.35 sec\n",
      " ARIMA(0,1,0)(0,0,0)[0] intercept   : AIC=239.907, Time=0.01 sec\n",
      " ARIMA(1,1,0)(0,0,0)[0] intercept   : AIC=241.896, Time=0.02 sec\n",
      " ARIMA(0,1,1)(0,0,0)[0] intercept   : AIC=241.892, Time=0.03 sec\n",
      " ARIMA(0,1,0)(0,0,0)[0]             : AIC=238.994, Time=0.01 sec\n",
      "\n",
      "Best model:  ARIMA(0,1,0)(0,0,0)[0]          \n",
      "Total fit time: 0.439 seconds\n",
      "                               SARIMAX Results                                \n",
      "==============================================================================\n",
      "Dep. Variable:                      y   No. Observations:                   51\n",
      "Model:               SARIMAX(0, 1, 0)   Log Likelihood                -118.497\n",
      "Date:                Thu, 22 Apr 2021   AIC                            238.994\n",
      "Time:                        00:20:41   BIC                            240.906\n",
      "Sample:                             0   HQIC                           239.722\n",
      "                                 - 51                                         \n",
      "Covariance Type:                  opg                                         \n",
      "==============================================================================\n",
      "                 coef    std err          z      P>|z|      [0.025      0.975]\n",
      "------------------------------------------------------------------------------\n",
      "sigma2         6.6993      0.902      7.427      0.000       4.931       8.467\n",
      "===================================================================================\n",
      "Ljung-Box (L1) (Q):                   0.01   Jarque-Bera (JB):                13.14\n",
      "Prob(Q):                              0.91   Prob(JB):                         0.00\n",
      "Heteroskedasticity (H):               0.17   Skew:                            -0.67\n",
      "Prob(H) (two-sided):                  0.00   Kurtosis:                         5.12\n",
      "===================================================================================\n",
      "\n",
      "Warnings:\n",
      "[1] Covariance matrix calculated using the outer product of gradients (complex-step).\n",
      "Performing stepwise search to minimize aic\n",
      " ARIMA(1,2,1)(0,0,0)[0] intercept   : AIC=inf, Time=0.21 sec\n",
      " ARIMA(0,2,0)(0,0,0)[0] intercept   : AIC=241.271, Time=0.01 sec\n",
      " ARIMA(1,2,0)(0,0,0)[0] intercept   : AIC=226.871, Time=0.05 sec\n",
      " ARIMA(0,2,1)(0,0,0)[0] intercept   : AIC=inf, Time=0.21 sec\n",
      " ARIMA(0,2,0)(0,0,0)[0]             : AIC=239.273, Time=0.01 sec\n",
      " ARIMA(2,2,0)(0,0,0)[0] intercept   : AIC=224.829, Time=0.05 sec\n",
      " ARIMA(3,2,0)(0,0,0)[0] intercept   : AIC=216.757, Time=0.06 sec\n",
      " ARIMA(4,2,0)(0,0,0)[0] intercept   : AIC=216.555, Time=0.09 sec\n",
      " ARIMA(5,2,0)(0,0,0)[0] intercept   : AIC=218.244, Time=0.11 sec\n",
      " ARIMA(4,2,1)(0,0,0)[0] intercept   : AIC=inf, Time=0.53 sec\n",
      " ARIMA(3,2,1)(0,0,0)[0] intercept   : AIC=inf, Time=0.35 sec\n",
      " ARIMA(5,2,1)(0,0,0)[0] intercept   : AIC=inf, Time=0.60 sec\n",
      " ARIMA(4,2,0)(0,0,0)[0]             : AIC=214.748, Time=0.07 sec\n",
      " ARIMA(3,2,0)(0,0,0)[0]             : AIC=214.937, Time=0.04 sec\n",
      " ARIMA(5,2,0)(0,0,0)[0]             : AIC=216.463, Time=0.09 sec\n",
      " ARIMA(4,2,1)(0,0,0)[0]             : AIC=214.007, Time=0.16 sec\n",
      " ARIMA(3,2,1)(0,0,0)[0]             : AIC=213.103, Time=0.10 sec\n",
      " ARIMA(2,2,1)(0,0,0)[0]             : AIC=212.473, Time=0.09 sec\n",
      " ARIMA(1,2,1)(0,0,0)[0]             : AIC=210.534, Time=0.05 sec\n",
      " ARIMA(0,2,1)(0,0,0)[0]             : AIC=208.956, Time=0.03 sec\n",
      " ARIMA(0,2,2)(0,0,0)[0]             : AIC=210.489, Time=0.04 sec\n",
      " ARIMA(1,2,0)(0,0,0)[0]             : AIC=224.925, Time=0.02 sec\n",
      " ARIMA(1,2,2)(0,0,0)[0]             : AIC=212.077, Time=0.13 sec\n",
      "\n",
      "Best model:  ARIMA(0,2,1)(0,0,0)[0]          \n",
      "Total fit time: 3.172 seconds\n",
      "                               SARIMAX Results                                \n",
      "==============================================================================\n",
      "Dep. Variable:                      y   No. Observations:                   51\n",
      "Model:               SARIMAX(0, 2, 1)   Log Likelihood                -102.478\n",
      "Date:                Thu, 22 Apr 2021   AIC                            208.956\n",
      "Time:                        00:20:45   BIC                            212.740\n",
      "Sample:                             0   HQIC                           210.391\n",
      "                                 - 51                                         \n",
      "Covariance Type:                  opg                                         \n",
      "==============================================================================\n",
      "                 coef    std err          z      P>|z|      [0.025      0.975]\n",
      "------------------------------------------------------------------------------\n",
      "ma.L1         -0.9034      0.095     -9.517      0.000      -1.089      -0.717\n",
      "sigma2         3.7073      0.625      5.928      0.000       2.482       4.933\n",
      "===================================================================================\n",
      "Ljung-Box (L1) (Q):                   0.80   Jarque-Bera (JB):                 6.01\n",
      "Prob(Q):                              0.37   Prob(JB):                         0.05\n",
      "Heteroskedasticity (H):               0.43   Skew:                            -0.57\n",
      "Prob(H) (two-sided):                  0.10   Kurtosis:                         4.29\n",
      "===================================================================================\n",
      "\n",
      "Warnings:\n",
      "[1] Covariance matrix calculated using the outer product of gradients (complex-step).\n",
      "Performing stepwise search to minimize aic\n",
      " ARIMA(1,1,1)(0,0,0)[0] intercept   : AIC=25.980, Time=0.17 sec\n",
      " ARIMA(0,1,0)(0,0,0)[0] intercept   : AIC=22.164, Time=0.03 sec\n",
      " ARIMA(1,1,0)(0,0,0)[0] intercept   : AIC=24.153, Time=0.04 sec\n",
      " ARIMA(0,1,1)(0,0,0)[0] intercept   : AIC=24.154, Time=0.05 sec\n",
      " ARIMA(0,1,0)(0,0,0)[0]             : AIC=20.862, Time=0.01 sec\n",
      "\n",
      "Best model:  ARIMA(0,1,0)(0,0,0)[0]          \n",
      "Total fit time: 0.313 seconds\n",
      "                               SARIMAX Results                                \n",
      "==============================================================================\n",
      "Dep. Variable:                      y   No. Observations:                   51\n",
      "Model:               SARIMAX(0, 1, 0)   Log Likelihood                  -9.431\n",
      "Date:                Thu, 22 Apr 2021   AIC                             20.862\n",
      "Time:                        00:20:46   BIC                             22.774\n",
      "Sample:                             0   HQIC                            21.590\n",
      "                                 - 51                                         \n",
      "Covariance Type:                  opg                                         \n",
      "==============================================================================\n",
      "                 coef    std err          z      P>|z|      [0.025      0.975]\n",
      "------------------------------------------------------------------------------\n",
      "sigma2         0.0854      0.017      5.007      0.000       0.052       0.119\n",
      "===================================================================================\n",
      "Ljung-Box (L1) (Q):                   0.01   Jarque-Bera (JB):                 3.15\n",
      "Prob(Q):                              0.92   Prob(JB):                         0.21\n",
      "Heteroskedasticity (H):               0.64   Skew:                             0.60\n",
      "Prob(H) (two-sided):                  0.37   Kurtosis:                         2.72\n",
      "===================================================================================\n",
      "\n",
      "Warnings:\n",
      "[1] Covariance matrix calculated using the outer product of gradients (complex-step).\n"
     ]
    },
    {
     "output_type": "execute_result",
     "data": {
      "text/plain": [
       "array([[ 8.74491704e-04,  1.93891318e-04,  2.73231107e-04,\n",
       "         2.87761682e-04,  2.53415673e-04,  6.39057913e-05,\n",
       "         2.12486955e-04,  2.53390045e-04,  1.58963208e-04,\n",
       "         6.54396560e-05,  1.66678923e-04,  1.94573002e-04,\n",
       "         1.41871442e-04,  1.87054363e-04,  1.81117318e-04],\n",
       "       [ 1.93891318e-04,  7.36818288e-04,  1.67757518e-04,\n",
       "         2.91467898e-04,  2.13046447e-04,  1.84223251e-05,\n",
       "         2.13063034e-04,  1.47592395e-04,  9.97840630e-05,\n",
       "         8.45385773e-05,  4.45735843e-05,  1.52344575e-04,\n",
       "         7.72589110e-05,  1.26258553e-04,  2.05275164e-04],\n",
       "       [ 2.73231107e-04,  1.67757518e-04,  5.75569986e-04,\n",
       "         2.59436096e-04,  2.10258842e-04,  6.73723243e-05,\n",
       "         1.97723518e-04,  2.44324527e-04,  1.91549009e-04,\n",
       "         9.71522622e-05,  1.27899003e-04,  1.79140418e-04,\n",
       "         1.47682713e-04,  1.53770666e-04,  1.76437260e-04],\n",
       "       [ 2.87761682e-04,  2.91467898e-04,  2.59436096e-04,\n",
       "         6.53566588e-04,  2.77182255e-04,  6.97303144e-05,\n",
       "         4.32227846e-04,  2.16804546e-04,  2.48338682e-04,\n",
       "         1.18271329e-04,  8.41061552e-05,  2.24827843e-04,\n",
       "         1.52972517e-04,  1.94184746e-04,  1.97059732e-04],\n",
       "       [ 2.53415673e-04,  2.13046447e-04,  2.10258842e-04,\n",
       "         2.77182255e-04,  5.83987362e-04,  3.98223158e-05,\n",
       "         2.11360327e-04,  1.89342868e-04,  1.68459894e-04,\n",
       "         9.10896700e-05,  7.90454718e-05,  1.78043749e-04,\n",
       "         1.15802620e-04,  1.95205651e-04,  1.97971353e-04],\n",
       "       [ 6.39057913e-05,  1.84223251e-05,  6.73723243e-05,\n",
       "         6.97303144e-05,  3.98223158e-05,  5.57031387e-04,\n",
       "         5.48486070e-05,  7.50140278e-05,  2.14322234e-05,\n",
       "         5.28106398e-05,  2.59599243e-04,  2.41009116e-07,\n",
       "         5.18390985e-05,  2.50624682e-05, -4.76052796e-06],\n",
       "       [ 2.12486955e-04,  2.13063034e-04,  1.97723518e-04,\n",
       "         4.32227846e-04,  2.11360327e-04,  5.48486070e-05,\n",
       "         4.31876099e-04,  1.69151850e-04,  2.01808182e-04,\n",
       "         8.79428361e-05,  7.19722381e-05,  1.65083014e-04,\n",
       "         1.19143625e-04,  1.50184592e-04,  1.54951023e-04],\n",
       "       [ 2.53390045e-04,  1.47592395e-04,  2.44324527e-04,\n",
       "         2.16804546e-04,  1.89342868e-04,  7.50140278e-05,\n",
       "         1.69151850e-04,  5.83132638e-04,  1.34976071e-04,\n",
       "         8.93560967e-05,  8.96292921e-05,  1.75748865e-04,\n",
       "         1.01031971e-04,  1.38622886e-04,  1.73604900e-04],\n",
       "       [ 1.58963208e-04,  9.97840630e-05,  1.91549009e-04,\n",
       "         2.48338682e-04,  1.68459894e-04,  2.14322234e-05,\n",
       "         2.01808182e-04,  1.34976071e-04,  3.33840715e-04,\n",
       "         3.05473359e-05,  5.99556259e-05,  1.78912697e-04,\n",
       "         9.19272368e-05,  1.04134612e-04,  1.11738185e-04],\n",
       "       [ 6.54396560e-05,  8.45385773e-05,  9.71522622e-05,\n",
       "         1.18271329e-04,  9.10896700e-05,  5.28106398e-05,\n",
       "         8.79428361e-05,  8.93560967e-05,  3.05473359e-05,\n",
       "         5.24730242e-04,  8.37400978e-05,  7.04109936e-05,\n",
       "         8.52797752e-05,  7.77523542e-05,  6.10209712e-05],\n",
       "       [ 1.66678923e-04,  4.45735843e-05,  1.27899003e-04,\n",
       "         8.41061552e-05,  7.90454718e-05,  2.59599243e-04,\n",
       "         7.19722381e-05,  8.96292921e-05,  5.99556259e-05,\n",
       "         8.37400978e-05,  6.77593792e-04,  6.46102583e-05,\n",
       "         1.15338627e-04,  6.87392514e-05,  6.54834889e-05],\n",
       "       [ 1.94573002e-04,  1.52344575e-04,  1.79140418e-04,\n",
       "         2.24827843e-04,  1.78043749e-04,  2.41009116e-07,\n",
       "         1.65083014e-04,  1.75748865e-04,  1.78912697e-04,\n",
       "         7.04109936e-05,  6.46102583e-05,  5.46257420e-04,\n",
       "         9.43339508e-05,  7.47861397e-05,  1.57644452e-04],\n",
       "       [ 1.41871442e-04,  7.72589110e-05,  1.47682713e-04,\n",
       "         1.52972517e-04,  1.15802620e-04,  5.18390985e-05,\n",
       "         1.19143625e-04,  1.01031971e-04,  9.19272368e-05,\n",
       "         8.52797752e-05,  1.15338627e-04,  9.43339508e-05,\n",
       "         4.77232431e-04,  1.31736448e-04,  7.27151122e-05],\n",
       "       [ 1.87054363e-04,  1.26258553e-04,  1.53770666e-04,\n",
       "         1.94184746e-04,  1.95205651e-04,  2.50624682e-05,\n",
       "         1.50184592e-04,  1.38622886e-04,  1.04134612e-04,\n",
       "         7.77523542e-05,  6.87392514e-05,  7.47861397e-05,\n",
       "         1.31736448e-04,  1.00215028e-03,  1.83831010e-04],\n",
       "       [ 1.81117318e-04,  2.05275164e-04,  1.76437260e-04,\n",
       "         1.97059732e-04,  1.97971353e-04, -4.76052796e-06,\n",
       "         1.54951023e-04,  1.73604900e-04,  1.11738185e-04,\n",
       "         6.10209712e-05,  6.54834889e-05,  1.57644452e-04,\n",
       "         7.27151122e-05,  1.83831010e-04,  7.44321428e-04]])"
      ]
     },
     "metadata": {},
     "execution_count": 2
    }
   ],
   "source": [
    "import numpy as np\n",
    "stock_list=[\"sz002594\",\"sh603517\",\"sh600031\",\n",
    "            \"sz000858\",\"sh603816\",\"sh600690\",\n",
    "            \"sh600519\",\"sz002493\",\"sh601318\",\n",
    "            \"sz000895\",\"sz002415\",\"sh601021\",\n",
    "            \"sz000333\",\"sz300413\",\"sz002332\"]\n",
    "day=70\n",
    "ExpReturn=[]\n",
    "ExpCov=[]\n",
    "for s in stock_list:\n",
    "    data = ak.stock_zh_a_daily(symbol=s, adjust=\"qfq\")\n",
    "    k=stock(data,s,day)\n",
    "    ExpReturn.append(k.ExpReturn1())\n",
    "    ExpCov.append(k.His_Return())\n",
    "ExpReturn=np.array(ExpReturn)\n",
    "ExpCov=np.array(ExpCov)\n",
    "ExpCov=np.cov(ExpCov)\n",
    "ExpCov"
   ]
  },
  {
   "cell_type": "code",
   "execution_count": 3,
   "metadata": {},
   "outputs": [
    {
     "output_type": "display_data",
     "data": {
      "text/plain": "<Figure size 432x288 with 1 Axes>",
