{
 "metadata": {
  "language_info": {
   "codemirror_mode": {
    "name": "ipython",
    "version": 3
   },
   "file_extension": ".py",
   "mimetype": "text/x-python",
   "name": "python",
   "nbconvert_exporter": "python",
   "pygments_lexer": "ipython3",
   "version": "3.8.9"
  },
  "orig_nbformat": 2,
  "kernelspec": {
   "name": "python389jvsc74a57bd02ef1dd72f2d322dedd276e8847cd815facfd22863a40d66ee505ec0535873890",
   "display_name": "Python 3.8.9 64-bit"
  },
  "metadata": {
   "interpreter": {
    "hash": "2ef1dd72f2d322dedd276e8847cd815facfd22863a40d66ee505ec0535873890"
   }
  }
 },
 "nbformat": 4,
 "nbformat_minor": 2,
 "cells": [
  {
   "cell_type": "code",
   "execution_count": 1,
   "metadata": {},
   "outputs": [],
   "source": [
    "from stock import* \n",
    "import numpy as np\n",
    "import akshare as ak\n",
    "import pandas as pd"
   ]
  },
  {
   "cell_type": "code",
   "execution_count": 3,
   "metadata": {
    "tags": [
     "outputPrepend"
    ]
   },
   "outputs": [
    {
     "output_type": "stream",
     "name": "stdout",
     "text": [
      "           5.18\n",
      "===================================================================================\n",
      "\n",
      "Warnings:\n",
      "[1] Covariance matrix calculated using the outer product of gradients (complex-step).\n",
      "13 Performing stepwise search to minimize aic\n",
      " ARIMA(1,1,1)(0,0,0)[0] intercept   : AIC=250.231, Time=0.24 sec\n",
      " ARIMA(0,1,0)(0,0,0)[0] intercept   : AIC=253.995, Time=0.02 sec\n",
      " ARIMA(1,1,0)(0,0,0)[0] intercept   : AIC=250.581, Time=0.03 sec\n",
      " ARIMA(0,1,1)(0,0,0)[0] intercept   : AIC=250.080, Time=0.03 sec\n",
      " ARIMA(0,1,0)(0,0,0)[0]             : AIC=252.572, Time=0.01 sec\n",
      " ARIMA(0,1,2)(0,0,0)[0] intercept   : AIC=251.563, Time=0.06 sec\n",
      " ARIMA(1,1,2)(0,0,0)[0] intercept   : AIC=253.343, Time=0.20 sec\n",
      " ARIMA(0,1,1)(0,0,0)[0]             : AIC=249.756, Time=0.03 sec\n",
      " ARIMA(1,1,1)(0,0,0)[0]             : AIC=251.664, Time=0.06 sec\n",
      " ARIMA(0,1,2)(0,0,0)[0]             : AIC=251.750, Time=0.04 sec\n",
      " ARIMA(1,1,0)(0,0,0)[0]             : AIC=249.739, Time=0.02 sec\n",
      " ARIMA(2,1,0)(0,0,0)[0]             : AIC=251.728, Time=0.03 sec\n",
      " ARIMA(2,1,1)(0,0,0)[0]             : AIC=253.160, Time=0.11 sec\n",
      "\n",
      "Best model:  ARIMA(1,1,0)(0,0,0)[0]          \n",
      "Total fit time: 0.898 seconds\n",
      "Performing stepwise search to minimize aic\n",
      " ARIMA(1,1,1)(0,0,0)[0] intercept   : AIC=inf, Time=0.34 sec\n",
      " ARIMA(0,1,0)(0,0,0)[0] intercept   : AIC=242.158, Time=0.01 sec\n",
      " ARIMA(1,1,0)(0,0,0)[0] intercept   : AIC=244.157, Time=0.03 sec\n",
      " ARIMA(0,1,1)(0,0,0)[0] intercept   : AIC=244.157, Time=0.04 sec\n",
      " ARIMA(0,1,0)(0,0,0)[0]             : AIC=240.614, Time=0.01 sec\n",
      "\n",
      "Best model:  ARIMA(0,1,0)(0,0,0)[0]          \n",
      "Total fit time: 0.445 seconds\n",
      "Performing stepwise search to minimize aic\n",
      " ARIMA(1,1,1)(0,0,0)[0] intercept   : AIC=250.231, Time=0.14 sec\n",
      " ARIMA(0,1,0)(0,0,0)[0] intercept   : AIC=253.995, Time=0.01 sec\n",
      " ARIMA(1,1,0)(0,0,0)[0] intercept   : AIC=250.581, Time=0.03 sec\n",
      " ARIMA(0,1,1)(0,0,0)[0] intercept   : AIC=250.080, Time=0.04 sec\n",
      " ARIMA(0,1,0)(0,0,0)[0]             : AIC=252.572, Time=0.01 sec\n",
      " ARIMA(0,1,2)(0,0,0)[0] intercept   : AIC=251.563, Time=0.07 sec\n",
      " ARIMA(1,1,2)(0,0,0)[0] intercept   : AIC=253.343, Time=0.24 sec\n",
      " ARIMA(0,1,1)(0,0,0)[0]             : AIC=249.756, Time=0.02 sec\n",
      " ARIMA(1,1,1)(0,0,0)[0]             : AIC=251.664, Time=0.05 sec\n",
      " ARIMA(0,1,2)(0,0,0)[0]             : AIC=251.750, Time=0.05 sec\n",
      " ARIMA(1,1,0)(0,0,0)[0]             : AIC=249.739, Time=0.02 sec\n",
      " ARIMA(2,1,0)(0,0,0)[0]             : AIC=251.728, Time=0.03 sec\n",
      " ARIMA(2,1,1)(0,0,0)[0]             : AIC=253.160, Time=0.10 sec\n",
      "\n",
      "Best model:  ARIMA(1,1,0)(0,0,0)[0]          \n",
      "Total fit time: 0.828 seconds\n",
      "Performing stepwise search to minimize aic\n",
      " ARIMA(1,1,1)(0,0,0)[0] intercept   : AIC=inf, Time=0.33 sec\n",
      " ARIMA(0,1,0)(0,0,0)[0] intercept   : AIC=242.158, Time=0.01 sec\n",
      " ARIMA(1,1,0)(0,0,0)[0] intercept   : AIC=244.157, Time=0.03 sec\n",
      " ARIMA(0,1,1)(0,0,0)[0] intercept   : AIC=244.157, Time=0.04 sec\n",
      " ARIMA(0,1,0)(0,0,0)[0]             : AIC=240.614, Time=0.01 sec\n",
      "\n",
      "Best model:  ARIMA(0,1,0)(0,0,0)[0]          \n",
      "Total fit time: 0.418 seconds\n",
      "                               SARIMAX Results                                \n",
      "==============================================================================\n",
      "Dep. Variable:                      y   No. Observations:                   51\n",
      "Model:               SARIMAX(1, 1, 0)   Log Likelihood                -122.869\n",
      "Date:                Mon, 26 Apr 2021   AIC                            249.739\n",
      "Time:                        13:17:07   BIC                            253.563\n",
      "Sample:                             0   HQIC                           251.195\n",
      "                                 - 51                                         \n",
      "Covariance Type:                  opg                                         \n",
      "==============================================================================\n",
      "                 coef    std err          z      P>|z|      [0.025      0.975]\n",
      "------------------------------------------------------------------------------\n",
      "ar.L1         -0.3008      0.134     -2.250      0.024      -0.563      -0.039\n",
      "sigma2         7.9645      1.180      6.752      0.000       5.652      10.277\n",
      "===================================================================================\n",
      "Ljung-Box (L1) (Q):                   0.03   Jarque-Bera (JB):                28.06\n",
      "Prob(Q):                              0.85   Prob(JB):                         0.00\n",
      "Heteroskedasticity (H):               0.15   Skew:                            -0.90\n",
      "Prob(H) (two-sided):                  0.00   Kurtosis:                         6.20\n",
      "===================================================================================\n",
      "\n",
      "Warnings:\n",
      "[1] Covariance matrix calculated using the outer product of gradients (complex-step).\n",
      "                               SARIMAX Results                                \n",
      "==============================================================================\n",
      "Dep. Variable:                      y   No. Observations:                   51\n",
      "Model:               SARIMAX(0, 1, 0)   Log Likelihood                -119.307\n",
      "Date:                Mon, 26 Apr 2021   AIC                            240.614\n",
      "Time:                        13:17:07   BIC                            242.526\n",
      "Sample:                             0   HQIC                           241.342\n",
      "                                 - 51                                         \n",
      "Covariance Type:                  opg                                         \n",
      "==============================================================================\n",
      "                 coef    std err          z      P>|z|      [0.025      0.975]\n",
      "------------------------------------------------------------------------------\n",
      "sigma2         6.9199      0.962      7.196      0.000       5.035       8.805\n",
      "===================================================================================\n",
      "Ljung-Box (L1) (Q):                   0.00   Jarque-Bera (JB):                11.73\n",
      "Prob(Q):                              0.98   Prob(JB):                         0.00\n",
      "Heteroskedasticity (H):               0.21   Skew:                            -0.70\n",
      "Prob(H) (two-sided):                  0.00   Kurtosis:                         4.91\n",
      "===================================================================================\n",
      "\n",
      "Warnings:\n",
      "[1] Covariance matrix calculated using the outer product of gradients (complex-step).\n",
      "14 Performing stepwise search to minimize aic\n",
      " ARIMA(1,1,1)(0,0,0)[0] intercept   : AIC=215.077, Time=0.29 sec\n",
      " ARIMA(0,1,0)(0,0,0)[0] intercept   : AIC=212.056, Time=0.02 sec\n",
      " ARIMA(1,1,0)(0,0,0)[0] intercept   : AIC=214.007, Time=0.05 sec\n",
      " ARIMA(0,1,1)(0,0,0)[0] intercept   : AIC=214.013, Time=0.08 sec\n",
      " ARIMA(0,1,0)(0,0,0)[0]             : AIC=212.115, Time=0.02 sec\n",
      "\n",
      "Best model:  ARIMA(0,1,0)(0,0,0)[0] intercept\n",
      "Total fit time: 0.497 seconds\n",
      "Performing stepwise search to minimize aic\n",
      " ARIMA(1,1,1)(0,0,0)[0] intercept   : AIC=211.903, Time=0.19 sec\n",
      " ARIMA(0,1,0)(0,0,0)[0] intercept   : AIC=208.401, Time=0.01 sec\n",
      " ARIMA(1,1,0)(0,0,0)[0] intercept   : AIC=210.376, Time=0.04 sec\n",
      " ARIMA(0,1,1)(0,0,0)[0] intercept   : AIC=210.378, Time=0.04 sec\n",
      " ARIMA(0,1,0)(0,0,0)[0]             : AIC=208.294, Time=0.01 sec\n",
      "\n",
      "Best model:  ARIMA(0,1,0)(0,0,0)[0]          \n",
      "Total fit time: 0.308 seconds\n",
      "Performing stepwise search to minimize aic\n",
      " ARIMA(1,1,1)(0,0,0)[0] intercept   : AIC=215.077, Time=0.15 sec\n",
      " ARIMA(0,1,0)(0,0,0)[0] intercept   : AIC=212.056, Time=0.01 sec\n",
      " ARIMA(1,1,0)(0,0,0)[0] intercept   : AIC=214.007, Time=0.03 sec\n",
      " ARIMA(0,1,1)(0,0,0)[0] intercept   : AIC=214.013, Time=0.04 sec\n",
      " ARIMA(0,1,0)(0,0,0)[0]             : AIC=212.115, Time=0.01 sec\n",
      "\n",
      "Best model:  ARIMA(0,1,0)(0,0,0)[0] intercept\n",
      "Total fit time: 0.251 seconds\n",
      "Performing stepwise search to minimize aic\n",
      " ARIMA(1,1,1)(0,0,0)[0] intercept   : AIC=211.903, Time=0.18 sec\n",
      " ARIMA(0,1,0)(0,0,0)[0] intercept   : AIC=208.401, Time=0.01 sec\n",
      " ARIMA(1,1,0)(0,0,0)[0] intercept   : AIC=210.376, Time=0.03 sec\n",
      " ARIMA(0,1,1)(0,0,0)[0] intercept   : AIC=210.378, Time=0.03 sec\n",
      " ARIMA(0,1,0)(0,0,0)[0]             : AIC=208.294, Time=0.01 sec\n",
      "\n",
      "Best model:  ARIMA(0,1,0)(0,0,0)[0]          \n",
      "Total fit time: 0.270 seconds\n",
      "                               SARIMAX Results                                \n",
      "==============================================================================\n",
      "Dep. Variable:                      y   No. Observations:                   51\n",
      "Model:               SARIMAX(0, 1, 0)   Log Likelihood                -104.028\n",
      "Date:                Mon, 26 Apr 2021   AIC                            212.056\n",
      "Time:                        13:17:09   BIC                            215.880\n",
      "Sample:                             0   HQIC                           213.512\n",
      "                                 - 51                                         \n",
      "Covariance Type:                  opg                                         \n",
      "==============================================================================\n",
      "                 coef    std err          z      P>|z|      [0.025      0.975]\n",
      "------------------------------------------------------------------------------\n",
      "intercept     -0.3974      0.322     -1.234      0.217      -1.029       0.234\n",
      "sigma2         3.7556      0.481      7.812      0.000       2.813       4.698\n",
      "===================================================================================\n",
      "Ljung-Box (L1) (Q):                   0.05   Jarque-Bera (JB):                62.40\n",
      "Prob(Q):                              0.82   Prob(JB):                         0.00\n",
      "Heteroskedasticity (H):               0.36   Skew:                            -1.36\n",
      "Prob(H) (two-sided):                  0.04   Kurtosis:                         7.74\n",
      "===================================================================================\n",
      "\n",
      "Warnings:\n",
      "[1] Covariance matrix calculated using the outer product of gradients (complex-step).\n",
      "                               SARIMAX Results                                \n",
      "==============================================================================\n",
      "Dep. Variable:                      y   No. Observations:                   51\n",
      "Model:               SARIMAX(0, 1, 0)   Log Likelihood                -103.147\n",
      "Date:                Mon, 26 Apr 2021   AIC                            208.294\n",
      "Time:                        13:17:09   BIC                            210.206\n",
      "Sample:                             0   HQIC                           209.022\n",
      "                                 - 51                                         \n",
      "Covariance Type:                  opg                                         \n",
      "==============================================================================\n",
      "                 coef    std err          z      P>|z|      [0.025      0.975]\n",
      "------------------------------------------------------------------------------\n",
      "sigma2         3.6255      0.464      7.807      0.000       2.715       4.536\n",
      "===================================================================================\n",
      "Ljung-Box (L1) (Q):                   0.03   Jarque-Bera (JB):                18.31\n",
      "Prob(Q):                              0.87   Prob(JB):                         0.00\n",
      "Heteroskedasticity (H):               0.33   Skew:                            -0.83\n",
      "Prob(H) (two-sided):                  0.03   Kurtosis:                         5.45\n",
      "===================================================================================\n",
      "\n",
      "Warnings:\n",
      "[1] Covariance matrix calculated using the outer product of gradients (complex-step).\n",
      "15 Performing stepwise search to minimize aic\n",
      " ARIMA(1,2,1)(0,0,0)[0] intercept   : AIC=inf, Time=0.45 sec\n",
      " ARIMA(0,2,0)(0,0,0)[0] intercept   : AIC=51.470, Time=0.02 sec\n",
      " ARIMA(1,2,0)(0,0,0)[0] intercept   : AIC=38.130, Time=0.03 sec\n",
      " ARIMA(0,2,1)(0,0,0)[0] intercept   : AIC=inf, Time=0.16 sec\n",
      " ARIMA(0,2,0)(0,0,0)[0]             : AIC=49.474, Time=0.02 sec\n",
      " ARIMA(2,2,0)(0,0,0)[0] intercept   : AIC=34.602, Time=0.08 sec\n",
      " ARIMA(3,2,0)(0,0,0)[0] intercept   : AIC=33.245, Time=0.11 sec\n",
      " ARIMA(4,2,0)(0,0,0)[0] intercept   : AIC=32.400, Time=0.13 sec\n",
      " ARIMA(5,2,0)(0,0,0)[0] intercept   : AIC=34.195, Time=0.17 sec\n",
      " ARIMA(4,2,1)(0,0,0)[0] intercept   : AIC=inf, Time=0.55 sec\n",
      " ARIMA(3,2,1)(0,0,0)[0] intercept   : AIC=inf, Time=0.60 sec\n",
      " ARIMA(5,2,1)(0,0,0)[0] intercept   : AIC=30.849, Time=0.60 sec\n",
      " ARIMA(5,2,2)(0,0,0)[0] intercept   : AIC=inf, Time=0.74 sec\n",
      " ARIMA(4,2,2)(0,0,0)[0] intercept   : AIC=inf, Time=0.70 sec\n",
      " ARIMA(5,2,1)(0,0,0)[0]             : AIC=inf, Time=0.48 sec\n",
      "\n",
      "Best model:  ARIMA(5,2,1)(0,0,0)[0] intercept\n",
      "Total fit time: 4.884 seconds\n",
      "Performing stepwise search to minimize aic\n",
      " ARIMA(1,2,1)(0,0,0)[0] intercept   : AIC=inf, Time=0.24 sec\n",
      " ARIMA(0,2,0)(0,0,0)[0] intercept   : AIC=56.001, Time=0.03 sec\n",
      " ARIMA(1,2,0)(0,0,0)[0] intercept   : AIC=41.238, Time=0.04 sec\n",
      " ARIMA(0,2,1)(0,0,0)[0] intercept   : AIC=inf, Time=0.14 sec\n",
      " ARIMA(0,2,0)(0,0,0)[0]             : AIC=54.001, Time=0.02 sec\n",
      " ARIMA(2,2,0)(0,0,0)[0] intercept   : AIC=39.230, Time=0.07 sec\n",
      " ARIMA(3,2,0)(0,0,0)[0] intercept   : AIC=38.162, Time=0.10 sec\n",
      " ARIMA(4,2,0)(0,0,0)[0] intercept   : AIC=38.646, Time=0.16 sec\n",
      " ARIMA(3,2,1)(0,0,0)[0] intercept   : AIC=inf, Time=0.47 sec\n",
      " ARIMA(2,2,1)(0,0,0)[0] intercept   : AIC=inf, Time=0.40 sec\n",
      " ARIMA(4,2,1)(0,0,0)[0] intercept   : AIC=inf, Time=0.50 sec\n",
      " ARIMA(3,2,0)(0,0,0)[0]             : AIC=36.165, Time=0.06 sec\n",
      " ARIMA(2,2,0)(0,0,0)[0]             : AIC=37.230, Time=0.04 sec\n",
      " ARIMA(4,2,0)(0,0,0)[0]             : AIC=36.656, Time=0.08 sec\n",
      " ARIMA(3,2,1)(0,0,0)[0]             : AIC=inf, Time=0.46 sec\n",
      " ARIMA(2,2,1)(0,0,0)[0]             : AIC=inf, Time=0.43 sec\n",
      " ARIMA(4,2,1)(0,0,0)[0]             : AIC=inf, Time=0.45 sec\n",
      "\n",
      "Best model:  ARIMA(3,2,0)(0,0,0)[0]          \n",
      "Total fit time: 3.714 seconds\n",
      "Performing stepwise search to minimize aic\n",
      " ARIMA(1,2,1)(0,0,0)[0] intercept   : AIC=inf, Time=0.33 sec\n",
      " ARIMA(0,2,0)(0,0,0)[0] intercept   : AIC=51.470, Time=0.02 sec\n",
      " ARIMA(1,2,0)(0,0,0)[0] intercept   : AIC=38.130, Time=0.04 sec\n",
      " ARIMA(0,2,1)(0,0,0)[0] intercept   : AIC=inf, Time=0.22 sec\n",
      " ARIMA(0,2,0)(0,0,0)[0]             : AIC=49.474, Time=0.03 sec\n",
      " ARIMA(2,2,0)(0,0,0)[0] intercept   : AIC=34.602, Time=0.12 sec\n",
      " ARIMA(3,2,0)(0,0,0)[0] intercept   : AIC=33.245, Time=0.19 sec\n",
      " ARIMA(4,2,0)(0,0,0)[0] intercept   : AIC=32.400, Time=0.23 sec\n",
      " ARIMA(5,2,0)(0,0,0)[0] intercept   : AIC=34.195, Time=0.23 sec\n",
      " ARIMA(4,2,1)(0,0,0)[0] intercept   : AIC=inf, Time=0.77 sec\n",
      " ARIMA(3,2,1)(0,0,0)[0] intercept   : AIC=inf, Time=0.82 sec\n",
      " ARIMA(5,2,1)(0,0,0)[0] intercept   : AIC=30.849, Time=0.81 sec\n",
      " ARIMA(5,2,2)(0,0,0)[0] intercept   : AIC=inf, Time=0.81 sec\n",
      " ARIMA(4,2,2)(0,0,0)[0] intercept   : AIC=inf, Time=0.60 sec\n",
      " ARIMA(5,2,1)(0,0,0)[0]             : AIC=inf, Time=0.48 sec\n",
      "\n",
      "Best model:  ARIMA(5,2,1)(0,0,0)[0] intercept\n",
      "Total fit time: 5.744 seconds\n",
      "Performing stepwise search to minimize aic\n",
      " ARIMA(1,2,1)(0,0,0)[0] intercept   : AIC=inf, Time=0.25 sec\n",
      " ARIMA(0,2,0)(0,0,0)[0] intercept   : AIC=56.001, Time=0.02 sec\n",
      " ARIMA(1,2,0)(0,0,0)[0] intercept   : AIC=41.238, Time=0.06 sec\n",
      " ARIMA(0,2,1)(0,0,0)[0] intercept   : AIC=inf, Time=0.14 sec\n",
      " ARIMA(0,2,0)(0,0,0)[0]             : AIC=54.001, Time=0.03 sec\n",
      " ARIMA(2,2,0)(0,0,0)[0] intercept   : AIC=39.230, Time=0.06 sec\n",
      " ARIMA(3,2,0)(0,0,0)[0] intercept   : AIC=38.162, Time=0.10 sec\n",
      " ARIMA(4,2,0)(0,0,0)[0] intercept   : AIC=38.646, Time=0.15 sec\n",
      " ARIMA(3,2,1)(0,0,0)[0] intercept   : AIC=inf, Time=0.47 sec\n",
      " ARIMA(2,2,1)(0,0,0)[0] intercept   : AIC=inf, Time=0.41 sec\n",
      " ARIMA(4,2,1)(0,0,0)[0] intercept   : AIC=inf, Time=0.56 sec\n",
      " ARIMA(3,2,0)(0,0,0)[0]             : AIC=36.165, Time=0.07 sec\n",
      " ARIMA(2,2,0)(0,0,0)[0]             : AIC=37.230, Time=0.03 sec\n",
      " ARIMA(4,2,0)(0,0,0)[0]             : AIC=36.656, Time=0.08 sec\n",
      " ARIMA(3,2,1)(0,0,0)[0]             : AIC=inf, Time=0.40 sec\n",
      " ARIMA(2,2,1)(0,0,0)[0]             : AIC=inf, Time=0.34 sec\n",
      " ARIMA(4,2,1)(0,0,0)[0]             : AIC=inf, Time=0.31 sec\n",
      "\n",
      "Best model:  ARIMA(3,2,0)(0,0,0)[0]          \n",
      "Total fit time: 3.514 seconds\n",
      "                               SARIMAX Results                                \n",
      "==============================================================================\n",
      "Dep. Variable:                      y   No. Observations:                   51\n",
      "Model:               SARIMAX(5, 2, 1)   Log Likelihood                  -7.425\n",
      "Date:                Mon, 26 Apr 2021   AIC                             30.849\n",
      "Time:                        13:17:28   BIC                             45.984\n",
      "Sample:                             0   HQIC                            36.591\n",
      "                                 - 51                                         \n",
      "Covariance Type:                  opg                                         \n",
      "==============================================================================\n",
      "                 coef    std err          z      P>|z|      [0.025      0.975]\n",
      "------------------------------------------------------------------------------\n",
      "intercept     -0.0005      0.003     -0.165      0.869      -0.007       0.006\n",
      "ar.L1         -0.0464      0.179     -0.259      0.796      -0.397       0.305\n",
      "ar.L2          0.0139      0.204      0.068      0.946      -0.385       0.413\n",
      "ar.L3         -0.0134      0.160     -0.084      0.933      -0.327       0.300\n",
      "ar.L4          0.0301      0.204      0.148      0.882      -0.369       0.429\n",
      "ar.L5          0.0636      0.156      0.408      0.683      -0.242       0.369\n",
      "ma.L1         -0.9895      1.013     -0.977      0.329      -2.975       0.996\n",
      "sigma2         0.0738      0.067      1.093      0.274      -0.058       0.206\n",
      "===================================================================================\n",
      "Ljung-Box (L1) (Q):                   0.02   Jarque-Bera (JB):                 1.92\n",
      "Prob(Q):                              0.89   Prob(JB):                         0.38\n",
      "Heteroskedasticity (H):               0.42   Skew:                             0.29\n",
      "Prob(H) (two-sided):                  0.10   Kurtosis:                         2.22\n",
      "===================================================================================\n",
      "\n",
      "Warnings:\n",
      "[1] Covariance matrix calculated using the outer product of gradients (complex-step).\n",
      "                               SARIMAX Results                                \n",
      "==============================================================================\n",
      "Dep. Variable:                      y   No. Observations:                   51\n",
      "Model:               SARIMAX(3, 2, 0)   Log Likelihood                 -14.082\n",
      "Date:                Mon, 26 Apr 2021   AIC                             36.165\n",
      "Time:                        13:17:28   BIC                             43.732\n",
      "Sample:                             0   HQIC                            39.036\n",
      "                                 - 51                                         \n",
      "Covariance Type:                  opg                                         \n",
      "==============================================================================\n",
      "                 coef    std err          z      P>|z|      [0.025      0.975]\n",
      "------------------------------------------------------------------------------\n",
      "ar.L1         -0.7574      0.185     -4.091      0.000      -1.120      -0.395\n",
      "ar.L2         -0.4538      0.187     -2.430      0.015      -0.820      -0.088\n",
      "ar.L3         -0.2466      0.190     -1.296      0.195      -0.620       0.126\n",
      "sigma2         0.1026      0.020      5.077      0.000       0.063       0.142\n",
      "===================================================================================\n",
      "Ljung-Box (L1) (Q):                   0.15   Jarque-Bera (JB):                 0.68\n",
      "Prob(Q):                              0.70   Prob(JB):                         0.71\n",
      "Heteroskedasticity (H):               0.65   Skew:                             0.25\n",
      "Prob(H) (two-sided):                  0.39   Kurtosis:                         3.31\n",
      "===================================================================================\n",
      "\n",
      "Warnings:\n",
      "[1] Covariance matrix calculated using the outer product of gradients (complex-step).\n"
     ]
    },
    {
     "output_type": "execute_result",
     "data": {
      "text/plain": [
       "array([[ 0.01481584,  0.00752154,  0.00743209,  0.01531564,  0.00797314,\n",
       "         0.00128655,  0.01481584,  0.00615714,  0.00681298,  0.00300311,\n",
       "         0.00231251,  0.00564218,  0.00365856,  0.00509137,  0.00557878],\n",
       "       [ 0.00752154,  0.02671881,  0.00623316,  0.01043027,  0.0090804 ,\n",
       "         0.00131169,  0.00752154,  0.00580992,  0.00248128,  0.00298795,\n",
       "         0.0023198 ,  0.00506763,  0.00313139,  0.0041455 ,  0.00853657],\n",
       "       [ 0.00743209,  0.00623316,  0.02153098,  0.0098356 ,  0.00829641,\n",
       "         0.00234752,  0.00743209,  0.00895574,  0.00673275,  0.00369337,\n",
       "         0.00412872,  0.00605004,  0.00505132,  0.00519986,  0.00630531],\n",
       "       [ 0.01531564,  0.01043027,  0.0098356 ,  0.02408218,  0.01111078,\n",
       "         0.00237124,  0.01531564,  0.00829996,  0.00876608,  0.00388463,\n",
       "         0.00299108,  0.00760689,  0.00497703,  0.00606155,  0.00743846],\n",
       "       [ 0.00797314,  0.0090804 ,  0.00829641,  0.01111078,  0.02413509,\n",
       "         0.0025855 ,  0.00797314,  0.00762842,  0.00581771,  0.00319399,\n",
       "         0.00357472,  0.00720723,  0.00422634,  0.00806055,  0.00823934],\n",
       "       [ 0.00128655,  0.00131169,  0.00234752,  0.00237124,  0.0025855 ,\n",
       "         0.02114904,  0.00128655,  0.00310292,  0.00032175,  0.0017317 ,\n",
       "         0.00955227,  0.00067343,  0.00196536,  0.00089825, -0.0001289 ],\n",
       "       [ 0.01481584,  0.00752154,  0.00743209,  0.01531564,  0.00797314,\n",
       "         0.00128655,  0.01481584,  0.00615714,  0.00681298,  0.00300311,\n",
       "         0.00231251,  0.00564218,  0.00365856,  0.00509137,  0.00557878],\n",
       "       [ 0.00615714,  0.00580992,  0.00895574,  0.00829996,  0.00762842,\n",
       "         0.00310292,  0.00615714,  0.02400484,  0.00423233,  0.003468  ,\n",
       "         0.00350691,  0.00620781,  0.00409438,  0.00401502,  0.0063045 ],\n",
       "       [ 0.00681298,  0.00248128,  0.00673275,  0.00876608,  0.00581771,\n",
       "         0.00032175,  0.00681298,  0.00423233,  0.01241375,  0.00028736,\n",
       "         0.00131369,  0.00582926,  0.00293022,  0.00230959,  0.00380604],\n",
       "       [ 0.00300311,  0.00298795,  0.00369337,  0.00388463,  0.00319399,\n",
       "         0.0017317 ,  0.00300311,  0.003468  ,  0.00028736,  0.02050142,\n",
       "         0.00246445,  0.00204735,  0.00267008,  0.00224922,  0.00109781],\n",
       "       [ 0.00231251,  0.0023198 ,  0.00412872,  0.00299108,  0.00357472,\n",
       "         0.00955227,  0.00231251,  0.00350691,  0.00131369,  0.00246445,\n",
       "         0.02356459,  0.00271109,  0.00392385,  0.00304265,  0.00203349],\n",
       "       [ 0.00564218,  0.00506763,  0.00605004,  0.00760689,  0.00720723,\n",
       "         0.00067343,  0.00564218,  0.00620781,  0.00582926,  0.00204735,\n",
       "         0.00271109,  0.01874673,  0.00229201,  0.00185124,  0.00518258],\n",
       "       [ 0.00365856,  0.00313139,  0.00505132,  0.00497703,  0.00422634,\n",
       "         0.00196536,  0.00365856,  0.00409438,  0.00293022,  0.00267008,\n",
       "         0.00392385,  0.00229201,  0.01681076,  0.0030924 ,  0.00166559],\n",
       "       [ 0.00509137,  0.0041455 ,  0.00519986,  0.00606155,  0.00806055,\n",
       "         0.00089825,  0.00509137,  0.00401502,  0.00230959,  0.00224922,\n",
       "         0.00304265,  0.00185124,  0.0030924 ,  0.03833106,  0.00834315],\n",
       "       [ 0.00557878,  0.00853657,  0.00630531,  0.00743846,  0.00823934,\n",
       "        -0.0001289 ,  0.00557878,  0.0063045 ,  0.00380604,  0.00109781,\n",
       "         0.00203349,  0.00518258,  0.00166559,  0.00834315,  0.03028207]])"
      ]
     },
     "metadata": {},
     "execution_count": 3
    }
   ],
   "source": [
    "import numpy as np\n",
    "stock_list=[\"sh600519\",\"sh603517\",\"sh600031\",\n",
    "            \"sz000858\",\"sh603816\",\"sh600690\",\n",
    "            \"sh600519\",\"sz002493\",\"sh601318\",\n",
    "            \"sz000895\",\"sz002415\",\"sh601021\",\n",
    "            \"sz000333\",\"sz300413\",\"sz002332\"]\n",
    "#stock_list2=list(stock_zh_a_spot_df['代码'][0:100])\n",
    "day=70\n",
    "#RF=RF/30\n",
    "time = 21 # 持股时长\n",
    "ExpReturn=[]\n",
    "ExpCov=[]\n",
    "stock_in_plan=[]\n",
    "i=0\n",
    "for s in stock_list:\n",
    "    i+=1\n",
    "    print(i,end=' ') # 显示工作进度\n",
    "    data = ak.stock_zh_a_daily(symbol=s, adjust=\"qfq\")\n",
    "    if len(data)>900: # 考察历史900天的数据\n",
    "        stock_in_plan.append(s)\n",
    "        k=stock(data,s,day)\n",
    "        #k.k_plot()\n",
    "        ExpReturn.append(k.ExpReturn3(time))\n",
    "        ExpCov.append(k.His_Return2())\n",
    "ExpReturn=np.array(ExpReturn)#*time\n",
    "ExpCov=np.array(ExpCov)\n",
    "ExpCov=np.cov(ExpCov)*time\n",
    "ExpCov"
   ]
  },
  {
   "cell_type": "code",
   "execution_count": 4,
   "metadata": {},
   "outputs": [
    {
     "output_type": "display_data",
     "data": {
      "text/plain": "<Figure size 432x288 with 1 Axes>",
