{
 "metadata": {
  "language_info": {
   "codemirror_mode": {
    "name": "ipython",
    "version": 3
   },
   "file_extension": ".py",
   "mimetype": "text/x-python",
   "name": "python",
   "nbconvert_exporter": "python",
   "pygments_lexer": "ipython3",
   "version": "3.8.9"
  },
  "orig_nbformat": 2,
  "kernelspec": {
   "name": "python389jvsc74a57bd02ef1dd72f2d322dedd276e8847cd815facfd22863a40d66ee505ec0535873890",
   "display_name": "Python 3.8.9 64-bit"
  },
  "metadata": {
   "interpreter": {
    "hash": "2ef1dd72f2d322dedd276e8847cd815facfd22863a40d66ee505ec0535873890"
   }
  }
 },
 "nbformat": 4,
 "nbformat_minor": 2,
 "cells": [
  {
   "cell_type": "code",
   "execution_count": 1,
   "metadata": {},
   "outputs": [],
   "source": [
    "from stock import* \n",
    "import numpy as np\n",
    "import akshare as ak\n",
    "import pandas as pd"
   ]
  },
  {
   "cell_type": "code",
   "execution_count": 3,
   "metadata": {
    "tags": [
     "outputPrepend"
    ]
   },
   "outputs": [
    {
     "output_type": "stream",
     "name": "stdout",
     "text": [
      "A(0,1,1)(0,0,0)[0] intercept   : AIC=25.156, Time=0.05 sec\n",
      " ARIMA(0,1,0)(0,0,0)[0]             : AIC=22.322, Time=0.01 sec\n",
      "\n",
      "Best model:  ARIMA(0,1,0)(0,0,0)[0]          \n",
      "Total fit time: 0.318 seconds\n",
      "Performing stepwise search to minimize aic\n",
      " ARIMA(1,1,1)(0,0,0)[0] intercept   : AIC=27.156, Time=0.20 sec\n",
      " ARIMA(0,1,0)(0,0,0)[0] intercept   : AIC=23.157, Time=0.04 sec\n",
      " ARIMA(1,1,0)(0,0,0)[0] intercept   : AIC=25.156, Time=0.03 sec\n",
      " ARIMA(0,1,1)(0,0,0)[0] intercept   : AIC=25.156, Time=0.05 sec\n",
      " ARIMA(0,1,0)(0,0,0)[0]             : AIC=22.322, Time=0.01 sec\n",
      "\n",
      "Best model:  ARIMA(0,1,0)(0,0,0)[0]          \n",
      "Total fit time: 0.340 seconds\n",
      "Performing stepwise search to minimize aic\n",
      " ARIMA(1,1,1)(0,0,0)[0] intercept   : AIC=27.156, Time=0.20 sec\n",
      " ARIMA(0,1,0)(0,0,0)[0] intercept   : AIC=23.157, Time=0.03 sec\n",
      " ARIMA(1,1,0)(0,0,0)[0] intercept   : AIC=25.156, Time=0.03 sec\n",
      " ARIMA(0,1,1)(0,0,0)[0] intercept   : AIC=25.156, Time=0.05 sec\n",
      " ARIMA(0,1,0)(0,0,0)[0]             : AIC=22.322, Time=0.01 sec\n",
      "\n",
      "Best model:  ARIMA(0,1,0)(0,0,0)[0]          \n",
      "Total fit time: 0.330 seconds\n",
      "Performing stepwise search to minimize aic\n",
      " ARIMA(1,1,1)(0,0,0)[0] intercept   : AIC=27.156, Time=0.21 sec\n",
      " ARIMA(0,1,0)(0,0,0)[0] intercept   : AIC=23.157, Time=0.03 sec\n",
      " ARIMA(1,1,0)(0,0,0)[0] intercept   : AIC=25.156, Time=0.03 sec\n",
      " ARIMA(0,1,1)(0,0,0)[0] intercept   : AIC=25.156, Time=0.05 sec\n",
      " ARIMA(0,1,0)(0,0,0)[0]             : AIC=22.322, Time=0.01 sec\n",
      "\n",
      "Best model:  ARIMA(0,1,0)(0,0,0)[0]          \n",
      "Total fit time: 0.341 seconds\n",
      "Performing stepwise search to minimize aic\n",
      " ARIMA(1,1,1)(0,0,0)[0] intercept   : AIC=27.156, Time=0.18 sec\n",
      " ARIMA(0,1,0)(0,0,0)[0] intercept   : AIC=23.157, Time=0.04 sec\n",
      " ARIMA(1,1,0)(0,0,0)[0] intercept   : AIC=25.156, Time=0.03 sec\n",
      " ARIMA(0,1,1)(0,0,0)[0] intercept   : AIC=25.156, Time=0.04 sec\n",
      " ARIMA(0,1,0)(0,0,0)[0]             : AIC=22.322, Time=0.01 sec\n",
      "\n",
      "Best model:  ARIMA(0,1,0)(0,0,0)[0]          \n",
      "Total fit time: 0.311 seconds\n",
      "Performing stepwise search to minimize aic\n",
      " ARIMA(1,1,1)(0,0,0)[0] intercept   : AIC=27.156, Time=0.21 sec\n",
      " ARIMA(0,1,0)(0,0,0)[0] intercept   : AIC=23.157, Time=0.03 sec\n",
      " ARIMA(1,1,0)(0,0,0)[0] intercept   : AIC=25.156, Time=0.03 sec\n",
      " ARIMA(0,1,1)(0,0,0)[0] intercept   : AIC=25.156, Time=0.05 sec\n",
      " ARIMA(0,1,0)(0,0,0)[0]             : AIC=22.322, Time=0.01 sec\n",
      "\n",
      "Best model:  ARIMA(0,1,0)(0,0,0)[0]          \n",
      "Total fit time: 0.341 seconds\n",
      "Performing stepwise search to minimize aic\n",
      " ARIMA(1,1,1)(0,0,0)[0] intercept   : AIC=27.156, Time=0.20 sec\n",
      " ARIMA(0,1,0)(0,0,0)[0] intercept   : AIC=23.157, Time=0.04 sec\n",
      " ARIMA(1,1,0)(0,0,0)[0] intercept   : AIC=25.156, Time=0.03 sec\n",
      " ARIMA(0,1,1)(0,0,0)[0] intercept   : AIC=25.156, Time=0.04 sec\n",
      " ARIMA(0,1,0)(0,0,0)[0]             : AIC=22.322, Time=0.01 sec\n",
      "\n",
      "Best model:  ARIMA(0,1,0)(0,0,0)[0]          \n",
      "Total fit time: 0.330 seconds\n",
      "Performing stepwise search to minimize aic\n",
      " ARIMA(1,1,1)(0,0,0)[0] intercept   : AIC=27.156, Time=0.21 sec\n",
      " ARIMA(0,1,0)(0,0,0)[0] intercept   : AIC=23.157, Time=0.03 sec\n",
      " ARIMA(1,1,0)(0,0,0)[0] intercept   : AIC=25.156, Time=0.03 sec\n",
      " ARIMA(0,1,1)(0,0,0)[0] intercept   : AIC=25.156, Time=0.05 sec\n",
      " ARIMA(0,1,0)(0,0,0)[0]             : AIC=22.322, Time=0.01 sec\n",
      "\n",
      "Best model:  ARIMA(0,1,0)(0,0,0)[0]          \n",
      "Total fit time: 0.344 seconds\n",
      "Performing stepwise search to minimize aic\n",
      " ARIMA(1,1,1)(0,0,0)[0] intercept   : AIC=27.156, Time=0.21 sec\n",
      " ARIMA(0,1,0)(0,0,0)[0] intercept   : AIC=23.157, Time=0.03 sec\n",
      " ARIMA(1,1,0)(0,0,0)[0] intercept   : AIC=25.156, Time=0.03 sec\n",
      " ARIMA(0,1,1)(0,0,0)[0] intercept   : AIC=25.156, Time=0.05 sec\n",
      " ARIMA(0,1,0)(0,0,0)[0]             : AIC=22.322, Time=0.01 sec\n",
      "\n",
      "Best model:  ARIMA(0,1,0)(0,0,0)[0]          \n",
      "Total fit time: 0.341 seconds\n",
      "Performing stepwise search to minimize aic\n",
      " ARIMA(1,1,1)(0,0,0)[0] intercept   : AIC=27.156, Time=0.21 sec\n",
      " ARIMA(0,1,0)(0,0,0)[0] intercept   : AIC=23.157, Time=0.03 sec\n",
      " ARIMA(1,1,0)(0,0,0)[0] intercept   : AIC=25.156, Time=0.03 sec\n",
      " ARIMA(0,1,1)(0,0,0)[0] intercept   : AIC=25.156, Time=0.05 sec\n",
      " ARIMA(0,1,0)(0,0,0)[0]             : AIC=22.322, Time=0.01 sec\n",
      "\n",
      "Best model:  ARIMA(0,1,0)(0,0,0)[0]          \n",
      "Total fit time: 0.350 seconds\n",
      "Performing stepwise search to minimize aic\n",
      " ARIMA(1,1,1)(0,0,0)[0] intercept   : AIC=27.156, Time=0.21 sec\n",
      " ARIMA(0,1,0)(0,0,0)[0] intercept   : AIC=23.157, Time=0.03 sec\n",
      " ARIMA(1,1,0)(0,0,0)[0] intercept   : AIC=25.156, Time=0.03 sec\n",
      " ARIMA(0,1,1)(0,0,0)[0] intercept   : AIC=25.156, Time=0.05 sec\n",
      " ARIMA(0,1,0)(0,0,0)[0]             : AIC=22.322, Time=0.01 sec\n",
      "\n",
      "Best model:  ARIMA(0,1,0)(0,0,0)[0]          \n",
      "Total fit time: 0.338 seconds\n",
      "Performing stepwise search to minimize aic\n",
      " ARIMA(1,1,1)(0,0,0)[0] intercept   : AIC=27.156, Time=0.18 sec\n",
      " ARIMA(0,1,0)(0,0,0)[0] intercept   : AIC=23.157, Time=0.03 sec\n",
      " ARIMA(1,1,0)(0,0,0)[0] intercept   : AIC=25.156, Time=0.03 sec\n",
      " ARIMA(0,1,1)(0,0,0)[0] intercept   : AIC=25.156, Time=0.05 sec\n",
      " ARIMA(0,1,0)(0,0,0)[0]             : AIC=22.322, Time=0.01 sec\n",
      "\n",
      "Best model:  ARIMA(0,1,0)(0,0,0)[0]          \n",
      "Total fit time: 0.311 seconds\n",
      "Performing stepwise search to minimize aic\n",
      " ARIMA(1,1,1)(0,0,0)[0] intercept   : AIC=27.156, Time=0.20 sec\n",
      " ARIMA(0,1,0)(0,0,0)[0] intercept   : AIC=23.157, Time=0.03 sec\n",
      " ARIMA(1,1,0)(0,0,0)[0] intercept   : AIC=25.156, Time=0.03 sec\n",
      " ARIMA(0,1,1)(0,0,0)[0] intercept   : AIC=25.156, Time=0.05 sec\n",
      " ARIMA(0,1,0)(0,0,0)[0]             : AIC=22.322, Time=0.01 sec\n",
      "\n",
      "Best model:  ARIMA(0,1,0)(0,0,0)[0]          \n",
      "Total fit time: 0.327 seconds\n",
      "Performing stepwise search to minimize aic\n",
      " ARIMA(1,1,1)(0,0,0)[0] intercept   : AIC=27.156, Time=0.19 sec\n",
      " ARIMA(0,1,0)(0,0,0)[0] intercept   : AIC=23.157, Time=0.03 sec\n",
      " ARIMA(1,1,0)(0,0,0)[0] intercept   : AIC=25.156, Time=0.03 sec\n",
      " ARIMA(0,1,1)(0,0,0)[0] intercept   : AIC=25.156, Time=0.04 sec\n",
      " ARIMA(0,1,0)(0,0,0)[0]             : AIC=22.322, Time=0.01 sec\n",
      "\n",
      "Best model:  ARIMA(0,1,0)(0,0,0)[0]          \n",
      "Total fit time: 0.317 seconds\n",
      "Performing stepwise search to minimize aic\n",
      " ARIMA(1,1,1)(0,0,0)[0] intercept   : AIC=27.156, Time=0.21 sec\n",
      " ARIMA(0,1,0)(0,0,0)[0] intercept   : AIC=23.157, Time=0.03 sec\n",
      " ARIMA(1,1,0)(0,0,0)[0] intercept   : AIC=25.156, Time=0.03 sec\n",
      " ARIMA(0,1,1)(0,0,0)[0] intercept   : AIC=25.156, Time=0.05 sec\n",
      " ARIMA(0,1,0)(0,0,0)[0]             : AIC=22.322, Time=0.01 sec\n",
      "\n",
      "Best model:  ARIMA(0,1,0)(0,0,0)[0]          \n",
      "Total fit time: 0.344 seconds\n",
      "Performing stepwise search to minimize aic\n",
      " ARIMA(1,1,1)(0,0,0)[0] intercept   : AIC=27.156, Time=0.22 sec\n",
      " ARIMA(0,1,0)(0,0,0)[0] intercept   : AIC=23.157, Time=0.04 sec\n",
      " ARIMA(1,1,0)(0,0,0)[0] intercept   : AIC=25.156, Time=0.03 sec\n",
      " ARIMA(0,1,1)(0,0,0)[0] intercept   : AIC=25.156, Time=0.06 sec\n",
      " ARIMA(0,1,0)(0,0,0)[0]             : AIC=22.322, Time=0.01 sec\n",
      "\n",
      "Best model:  ARIMA(0,1,0)(0,0,0)[0]          \n",
      "Total fit time: 0.356 seconds\n",
      "Performing stepwise search to minimize aic\n",
      " ARIMA(1,1,1)(0,0,0)[0] intercept   : AIC=27.156, Time=0.22 sec\n",
      " ARIMA(0,1,0)(0,0,0)[0] intercept   : AIC=23.157, Time=0.03 sec\n",
      " ARIMA(1,1,0)(0,0,0)[0] intercept   : AIC=25.156, Time=0.03 sec\n",
      " ARIMA(0,1,1)(0,0,0)[0] intercept   : AIC=25.156, Time=0.05 sec\n",
      " ARIMA(0,1,0)(0,0,0)[0]             : AIC=22.322, Time=0.01 sec\n",
      "\n",
      "Best model:  ARIMA(0,1,0)(0,0,0)[0]          \n",
      "Total fit time: 0.354 seconds\n",
      "Performing stepwise search to minimize aic\n",
      " ARIMA(1,1,1)(0,0,0)[0] intercept   : AIC=27.156, Time=0.22 sec\n",
      " ARIMA(0,1,0)(0,0,0)[0] intercept   : AIC=23.157, Time=0.03 sec\n",
      " ARIMA(1,1,0)(0,0,0)[0] intercept   : AIC=25.156, Time=0.03 sec\n",
      " ARIMA(0,1,1)(0,0,0)[0] intercept   : AIC=25.156, Time=0.05 sec\n",
      " ARIMA(0,1,0)(0,0,0)[0]             : AIC=22.322, Time=0.01 sec\n",
      "\n",
      "Best model:  ARIMA(0,1,0)(0,0,0)[0]          \n",
      "Total fit time: 0.350 seconds\n",
      "Performing stepwise search to minimize aic\n",
      " ARIMA(1,1,1)(0,0,0)[0] intercept   : AIC=27.156, Time=0.20 sec\n",
      " ARIMA(0,1,0)(0,0,0)[0] intercept   : AIC=23.157, Time=0.03 sec\n",
      " ARIMA(1,1,0)(0,0,0)[0] intercept   : AIC=25.156, Time=0.03 sec\n",
      " ARIMA(0,1,1)(0,0,0)[0] intercept   : AIC=25.156, Time=0.05 sec\n",
      " ARIMA(0,1,0)(0,0,0)[0]             : AIC=22.322, Time=0.02 sec\n",
      "\n",
      "Best model:  ARIMA(0,1,0)(0,0,0)[0]          \n",
      "Total fit time: 0.333 seconds\n",
      "Performing stepwise search to minimize aic\n",
      " ARIMA(1,1,1)(0,0,0)[0] intercept   : AIC=27.156, Time=0.21 sec\n",
      " ARIMA(0,1,0)(0,0,0)[0] intercept   : AIC=23.157, Time=0.03 sec\n",
      " ARIMA(1,1,0)(0,0,0)[0] intercept   : AIC=25.156, Time=0.03 sec\n",
      " ARIMA(0,1,1)(0,0,0)[0] intercept   : AIC=25.156, Time=0.05 sec\n",
      " ARIMA(0,1,0)(0,0,0)[0]             : AIC=22.322, Time=0.01 sec\n",
      "\n",
      "Best model:  ARIMA(0,1,0)(0,0,0)[0]          \n",
      "Total fit time: 0.339 seconds\n",
      "Performing stepwise search to minimize aic\n",
      " ARIMA(1,1,1)(0,0,0)[0] intercept   : AIC=27.156, Time=0.20 sec\n",
      " ARIMA(0,1,0)(0,0,0)[0] intercept   : AIC=23.157, Time=0.04 sec\n",
      " ARIMA(1,1,0)(0,0,0)[0] intercept   : AIC=25.156, Time=0.03 sec\n",
      " ARIMA(0,1,1)(0,0,0)[0] intercept   : AIC=25.156, Time=0.06 sec\n",
      " ARIMA(0,1,0)(0,0,0)[0]             : AIC=22.322, Time=0.01 sec\n",
      "\n",
      "Best model:  ARIMA(0,1,0)(0,0,0)[0]          \n",
      "Total fit time: 0.353 seconds\n",
      "Performing stepwise search to minimize aic\n",
      " ARIMA(1,1,1)(0,0,0)[0] intercept   : AIC=27.156, Time=0.19 sec\n",
      " ARIMA(0,1,0)(0,0,0)[0] intercept   : AIC=23.157, Time=0.03 sec\n",
      " ARIMA(1,1,0)(0,0,0)[0] intercept   : AIC=25.156, Time=0.03 sec\n",
      " ARIMA(0,1,1)(0,0,0)[0] intercept   : AIC=25.156, Time=0.04 sec\n",
      " ARIMA(0,1,0)(0,0,0)[0]             : AIC=22.322, Time=0.01 sec\n",
      "\n",
      "Best model:  ARIMA(0,1,0)(0,0,0)[0]          \n",
      "Total fit time: 0.314 seconds\n",
      "Performing stepwise search to minimize aic\n",
      " ARIMA(1,1,1)(0,0,0)[0] intercept   : AIC=27.156, Time=0.19 sec\n",
      " ARIMA(0,1,0)(0,0,0)[0] intercept   : AIC=23.157, Time=0.03 sec\n",
      " ARIMA(1,1,0)(0,0,0)[0] intercept   : AIC=25.156, Time=0.03 sec\n",
      " ARIMA(0,1,1)(0,0,0)[0] intercept   : AIC=25.156, Time=0.04 sec\n",
      " ARIMA(0,1,0)(0,0,0)[0]             : AIC=22.322, Time=0.01 sec\n",
      "\n",
      "Best model:  ARIMA(0,1,0)(0,0,0)[0]          \n",
      "Total fit time: 0.314 seconds\n",
      "Performing stepwise search to minimize aic\n",
      " ARIMA(1,1,1)(0,0,0)[0] intercept   : AIC=27.156, Time=0.18 sec\n",
      " ARIMA(0,1,0)(0,0,0)[0] intercept   : AIC=23.157, Time=0.04 sec\n",
      " ARIMA(1,1,0)(0,0,0)[0] intercept   : AIC=25.156, Time=0.03 sec\n",
      " ARIMA(0,1,1)(0,0,0)[0] intercept   : AIC=25.156, Time=0.05 sec\n",
      " ARIMA(0,1,0)(0,0,0)[0]             : AIC=22.322, Time=0.01 sec\n",
      "\n",
      "Best model:  ARIMA(0,1,0)(0,0,0)[0]          \n",
      "Total fit time: 0.310 seconds\n",
      "Performing stepwise search to minimize aic\n",
      " ARIMA(1,1,1)(0,0,0)[0] intercept   : AIC=27.156, Time=0.19 sec\n",
      " ARIMA(0,1,0)(0,0,0)[0] intercept   : AIC=23.157, Time=0.03 sec\n",
      " ARIMA(1,1,0)(0,0,0)[0] intercept   : AIC=25.156, Time=0.03 sec\n",
      " ARIMA(0,1,1)(0,0,0)[0] intercept   : AIC=25.156, Time=0.05 sec\n",
      " ARIMA(0,1,0)(0,0,0)[0]             : AIC=22.322, Time=0.01 sec\n",
      "\n",
      "Best model:  ARIMA(0,1,0)(0,0,0)[0]          \n",
      "Total fit time: 0.321 seconds\n",
      "Performing stepwise search to minimize aic\n",
      " ARIMA(1,1,1)(0,0,0)[0] intercept   : AIC=27.156, Time=0.19 sec\n",
      " ARIMA(0,1,0)(0,0,0)[0] intercept   : AIC=23.157, Time=0.03 sec\n",
      " ARIMA(1,1,0)(0,0,0)[0] intercept   : AIC=25.156, Time=0.03 sec\n",
      " ARIMA(0,1,1)(0,0,0)[0] intercept   : AIC=25.156, Time=0.05 sec\n",
      " ARIMA(0,1,0)(0,0,0)[0]             : AIC=22.322, Time=0.01 sec\n",
      "\n",
      "Best model:  ARIMA(0,1,0)(0,0,0)[0]          \n",
      "Total fit time: 0.318 seconds\n",
      "Performing stepwise search to minimize aic\n",
      " ARIMA(1,1,1)(0,0,0)[0] intercept   : AIC=27.156, Time=0.21 sec\n",
      " ARIMA(0,1,0)(0,0,0)[0] intercept   : AIC=23.157, Time=0.03 sec\n",
      " ARIMA(1,1,0)(0,0,0)[0] intercept   : AIC=25.156, Time=0.03 sec\n",
      " ARIMA(0,1,1)(0,0,0)[0] intercept   : AIC=25.156, Time=0.05 sec\n",
      " ARIMA(0,1,0)(0,0,0)[0]             : AIC=22.322, Time=0.01 sec\n",
      "\n",
      "Best model:  ARIMA(0,1,0)(0,0,0)[0]          \n",
      "Total fit time: 0.342 seconds\n",
      "Performing stepwise search to minimize aic\n",
      " ARIMA(1,1,1)(0,0,0)[0] intercept   : AIC=27.156, Time=0.21 sec\n",
      " ARIMA(0,1,0)(0,0,0)[0] intercept   : AIC=23.157, Time=0.03 sec\n",
      " ARIMA(1,1,0)(0,0,0)[0] intercept   : AIC=25.156, Time=0.03 sec\n",
      " ARIMA(0,1,1)(0,0,0)[0] intercept   : AIC=25.156, Time=0.05 sec\n",
      " ARIMA(0,1,0)(0,0,0)[0]             : AIC=22.322, Time=0.01 sec\n",
      "\n",
      "Best model:  ARIMA(0,1,0)(0,0,0)[0]          \n",
      "Total fit time: 0.334 seconds\n",
      "Performing stepwise search to minimize aic\n",
      " ARIMA(1,1,1)(0,0,0)[0] intercept   : AIC=27.156, Time=0.21 sec\n",
      " ARIMA(0,1,0)(0,0,0)[0] intercept   : AIC=23.157, Time=0.03 sec\n",
      " ARIMA(1,1,0)(0,0,0)[0] intercept   : AIC=25.156, Time=0.03 sec\n",
      " ARIMA(0,1,1)(0,0,0)[0] intercept   : AIC=25.156, Time=0.05 sec\n",
      " ARIMA(0,1,0)(0,0,0)[0]             : AIC=22.322, Time=0.01 sec\n",
      "\n",
      "Best model:  ARIMA(0,1,0)(0,0,0)[0]          \n",
      "Total fit time: 0.344 seconds\n",
      "Performing stepwise search to minimize aic\n",
      " ARIMA(1,1,1)(0,0,0)[0] intercept   : AIC=27.156, Time=0.21 sec\n",
      " ARIMA(0,1,0)(0,0,0)[0] intercept   : AIC=23.157, Time=0.04 sec\n",
      " ARIMA(1,1,0)(0,0,0)[0] intercept   : AIC=25.156, Time=0.03 sec\n",
      " ARIMA(0,1,1)(0,0,0)[0] intercept   : AIC=25.156, Time=0.05 sec\n",
      " ARIMA(0,1,0)(0,0,0)[0]             : AIC=22.322, Time=0.01 sec\n",
      "\n",
      "Best model:  ARIMA(0,1,0)(0,0,0)[0]          \n",
      "Total fit time: 0.347 seconds\n",
      "Performing stepwise search to minimize aic\n",
      " ARIMA(1,1,1)(0,0,0)[0] intercept   : AIC=27.156, Time=0.21 sec\n",
      " ARIMA(0,1,0)(0,0,0)[0] intercept   : AIC=23.157, Time=0.03 sec\n",
      " ARIMA(1,1,0)(0,0,0)[0] intercept   : AIC=25.156, Time=0.03 sec\n",
      " ARIMA(0,1,1)(0,0,0)[0] intercept   : AIC=25.156, Time=0.05 sec\n",
      " ARIMA(0,1,0)(0,0,0)[0]             : AIC=22.322, Time=0.01 sec\n",
      "\n",
      "Best model:  ARIMA(0,1,0)(0,0,0)[0]          \n",
      "Total fit time: 0.343 seconds\n",
      "Performing stepwise search to minimize aic\n",
      " ARIMA(1,1,1)(0,0,0)[0] intercept   : AIC=27.156, Time=0.20 sec\n",
      " ARIMA(0,1,0)(0,0,0)[0] intercept   : AIC=23.157, Time=0.03 sec\n",
      " ARIMA(1,1,0)(0,0,0)[0] intercept   : AIC=25.156, Time=0.03 sec\n",
      " ARIMA(0,1,1)(0,0,0)[0] intercept   : AIC=25.156, Time=0.05 sec\n",
      " ARIMA(0,1,0)(0,0,0)[0]             : AIC=22.322, Time=0.01 sec\n",
      "\n",
      "Best model:  ARIMA(0,1,0)(0,0,0)[0]          \n",
      "Total fit time: 0.329 seconds\n",
      "Performing stepwise search to minimize aic\n",
      " ARIMA(1,1,1)(0,0,0)[0] intercept   : AIC=27.156, Time=0.19 sec\n",
      " ARIMA(0,1,0)(0,0,0)[0] intercept   : AIC=23.157, Time=0.03 sec\n",
      " ARIMA(1,1,0)(0,0,0)[0] intercept   : AIC=25.156, Time=0.03 sec\n",
      " ARIMA(0,1,1)(0,0,0)[0] intercept   : AIC=25.156, Time=0.05 sec\n",
      " ARIMA(0,1,0)(0,0,0)[0]             : AIC=22.322, Time=0.01 sec\n",
      "\n",
      "Best model:  ARIMA(0,1,0)(0,0,0)[0]          \n",
      "Total fit time: 0.325 seconds\n",
      "Performing stepwise search to minimize aic\n",
      " ARIMA(1,1,1)(0,0,0)[0] intercept   : AIC=27.156, Time=0.20 sec\n",
      " ARIMA(0,1,0)(0,0,0)[0] intercept   : AIC=23.157, Time=0.03 sec\n",
      " ARIMA(1,1,0)(0,0,0)[0] intercept   : AIC=25.156, Time=0.03 sec\n",
      " ARIMA(0,1,1)(0,0,0)[0] intercept   : AIC=25.156, Time=0.05 sec\n",
      " ARIMA(0,1,0)(0,0,0)[0]             : AIC=22.322, Time=0.01 sec\n",
      "\n",
      "Best model:  ARIMA(0,1,0)(0,0,0)[0]          \n",
      "Total fit time: 0.330 seconds\n",
      "Performing stepwise search to minimize aic\n",
      " ARIMA(1,1,1)(0,0,0)[0] intercept   : AIC=27.156, Time=0.21 sec\n",
      " ARIMA(0,1,0)(0,0,0)[0] intercept   : AIC=23.157, Time=0.03 sec\n",
      " ARIMA(1,1,0)(0,0,0)[0] intercept   : AIC=25.156, Time=0.03 sec\n",
      " ARIMA(0,1,1)(0,0,0)[0] intercept   : AIC=25.156, Time=0.05 sec\n",
      " ARIMA(0,1,0)(0,0,0)[0]             : AIC=22.322, Time=0.01 sec\n",
      "\n",
      "Best model:  ARIMA(0,1,0)(0,0,0)[0]          \n",
      "Total fit time: 0.344 seconds\n",
      "Performing stepwise search to minimize aic\n",
      " ARIMA(1,1,1)(0,0,0)[0] intercept   : AIC=27.156, Time=0.21 sec\n",
      " ARIMA(0,1,0)(0,0,0)[0] intercept   : AIC=23.157, Time=0.03 sec\n",
      " ARIMA(1,1,0)(0,0,0)[0] intercept   : AIC=25.156, Time=0.03 sec\n",
      " ARIMA(0,1,1)(0,0,0)[0] intercept   : AIC=25.156, Time=0.05 sec\n",
      " ARIMA(0,1,0)(0,0,0)[0]             : AIC=22.322, Time=0.01 sec\n",
      "\n",
      "Best model:  ARIMA(0,1,0)(0,0,0)[0]          \n",
      "Total fit time: 0.348 seconds\n",
      "Performing stepwise search to minimize aic\n",
      " ARIMA(1,1,1)(0,0,0)[0] intercept   : AIC=27.156, Time=0.19 sec\n",
      " ARIMA(0,1,0)(0,0,0)[0] intercept   : AIC=23.157, Time=0.03 sec\n",
      " ARIMA(1,1,0)(0,0,0)[0] intercept   : AIC=25.156, Time=0.03 sec\n",
      " ARIMA(0,1,1)(0,0,0)[0] intercept   : AIC=25.156, Time=0.04 sec\n",
      " ARIMA(0,1,0)(0,0,0)[0]             : AIC=22.322, Time=0.01 sec\n",
      "\n",
      "Best model:  ARIMA(0,1,0)(0,0,0)[0]          \n",
      "Total fit time: 0.314 seconds\n",
      "Performing stepwise search to minimize aic\n",
      " ARIMA(1,1,1)(0,0,0)[0] intercept   : AIC=27.156, Time=0.20 sec\n",
      " ARIMA(0,1,0)(0,0,0)[0] intercept   : AIC=23.157, Time=0.03 sec\n",
      " ARIMA(1,1,0)(0,0,0)[0] intercept   : AIC=25.156, Time=0.03 sec\n",
      " ARIMA(0,1,1)(0,0,0)[0] intercept   : AIC=25.156, Time=0.05 sec\n",
      " ARIMA(0,1,0)(0,0,0)[0]             : AIC=22.322, Time=0.01 sec\n",
      "\n",
      "Best model:  ARIMA(0,1,0)(0,0,0)[0]          \n",
      "Total fit time: 0.339 seconds\n",
      "Performing stepwise search to minimize aic\n",
      " ARIMA(1,1,1)(0,0,0)[0] intercept   : AIC=27.156, Time=0.20 sec\n",
      " ARIMA(0,1,0)(0,0,0)[0] intercept   : AIC=23.157, Time=0.03 sec\n",
      " ARIMA(1,1,0)(0,0,0)[0] intercept   : AIC=25.156, Time=0.03 sec\n",
      " ARIMA(0,1,1)(0,0,0)[0] intercept   : AIC=25.156, Time=0.05 sec\n",
      " ARIMA(0,1,0)(0,0,0)[0]             : AIC=22.322, Time=0.01 sec\n",
      "\n",
      "Best model:  ARIMA(0,1,0)(0,0,0)[0]          \n",
      "Total fit time: 0.326 seconds\n",
      "Performing stepwise search to minimize aic\n",
      " ARIMA(1,1,1)(0,0,0)[0] intercept   : AIC=27.156, Time=0.22 sec\n",
      " ARIMA(0,1,0)(0,0,0)[0] intercept   : AIC=23.157, Time=0.03 sec\n",
      " ARIMA(1,1,0)(0,0,0)[0] intercept   : AIC=25.156, Time=0.03 sec\n",
      " ARIMA(0,1,1)(0,0,0)[0] intercept   : AIC=25.156, Time=0.05 sec\n",
      " ARIMA(0,1,0)(0,0,0)[0]             : AIC=22.322, Time=0.01 sec\n",
      "\n",
      "Best model:  ARIMA(0,1,0)(0,0,0)[0]          \n",
      "Total fit time: 0.352 seconds\n",
      "Performing stepwise search to minimize aic\n",
      " ARIMA(1,1,1)(0,0,0)[0] intercept   : AIC=27.156, Time=0.21 sec\n",
      " ARIMA(0,1,0)(0,0,0)[0] intercept   : AIC=23.157, Time=0.03 sec\n",
      " ARIMA(1,1,0)(0,0,0)[0] intercept   : AIC=25.156, Time=0.03 sec\n",
      " ARIMA(0,1,1)(0,0,0)[0] intercept   : AIC=25.156, Time=0.05 sec\n",
      " ARIMA(0,1,0)(0,0,0)[0]             : AIC=22.322, Time=0.01 sec\n",
      "\n",
      "Best model:  ARIMA(0,1,0)(0,0,0)[0]          \n",
      "Total fit time: 0.341 seconds\n",
      "Performing stepwise search to minimize aic\n",
      " ARIMA(1,1,1)(0,0,0)[0] intercept   : AIC=27.156, Time=0.19 sec\n",
      " ARIMA(0,1,0)(0,0,0)[0] intercept   : AIC=23.157, Time=0.03 sec\n",
      " ARIMA(1,1,0)(0,0,0)[0] intercept   : AIC=25.156, Time=0.03 sec\n",
      " ARIMA(0,1,1)(0,0,0)[0] intercept   : AIC=25.156, Time=0.04 sec\n",
      " ARIMA(0,1,0)(0,0,0)[0]             : AIC=22.322, Time=0.01 sec\n",
      "\n",
      "Best model:  ARIMA(0,1,0)(0,0,0)[0]          \n",
      "Total fit time: 0.311 seconds\n",
      "Performing stepwise search to minimize aic\n",
      " ARIMA(1,1,1)(0,0,0)[0] intercept   : AIC=27.156, Time=0.19 sec\n",
      " ARIMA(0,1,0)(0,0,0)[0] intercept   : AIC=23.157, Time=0.03 sec\n",
      " ARIMA(1,1,0)(0,0,0)[0] intercept   : AIC=25.156, Time=0.03 sec\n",
      " ARIMA(0,1,1)(0,0,0)[0] intercept   : AIC=25.156, Time=0.05 sec\n",
      " ARIMA(0,1,0)(0,0,0)[0]             : AIC=22.322, Time=0.01 sec\n",
      "\n",
      "Best model:  ARIMA(0,1,0)(0,0,0)[0]          \n",
      "Total fit time: 0.324 seconds\n",
      "Performing stepwise search to minimize aic\n",
      " ARIMA(1,1,1)(0,0,0)[0] intercept   : AIC=27.156, Time=0.20 sec\n",
      " ARIMA(0,1,0)(0,0,0)[0] intercept   : AIC=23.157, Time=0.03 sec\n",
      " ARIMA(1,1,0)(0,0,0)[0] intercept   : AIC=25.156, Time=0.03 sec\n",
      " ARIMA(0,1,1)(0,0,0)[0] intercept   : AIC=25.156, Time=0.04 sec\n",
      " ARIMA(0,1,0)(0,0,0)[0]             : AIC=22.322, Time=0.01 sec\n",
      "\n",
      "Best model:  ARIMA(0,1,0)(0,0,0)[0]          \n",
      "Total fit time: 0.327 seconds\n",
      "Performing stepwise search to minimize aic\n",
      " ARIMA(1,1,1)(0,0,0)[0] intercept   : AIC=27.156, Time=0.21 sec\n",
      " ARIMA(0,1,0)(0,0,0)[0] intercept   : AIC=23.157, Time=0.03 sec\n",
      " ARIMA(1,1,0)(0,0,0)[0] intercept   : AIC=25.156, Time=0.03 sec\n",
      " ARIMA(0,1,1)(0,0,0)[0] intercept   : AIC=25.156, Time=0.05 sec\n",
      " ARIMA(0,1,0)(0,0,0)[0]             : AIC=22.322, Time=0.01 sec\n",
      "\n",
      "Best model:  ARIMA(0,1,0)(0,0,0)[0]          \n",
      "Total fit time: 0.346 seconds\n",
      "Performing stepwise search to minimize aic\n",
      " ARIMA(1,1,1)(0,0,0)[0] intercept   : AIC=27.156, Time=0.20 sec\n",
      " ARIMA(0,1,0)(0,0,0)[0] intercept   : AIC=23.157, Time=0.03 sec\n",
      " ARIMA(1,1,0)(0,0,0)[0] intercept   : AIC=25.156, Time=0.03 sec\n",
      " ARIMA(0,1,1)(0,0,0)[0] intercept   : AIC=25.156, Time=0.05 sec\n",
      " ARIMA(0,1,0)(0,0,0)[0]             : AIC=22.322, Time=0.01 sec\n",
      "\n",
      "Best model:  ARIMA(0,1,0)(0,0,0)[0]          \n",
      "Total fit time: 0.329 seconds\n"
     ]
    },
    {
     "output_type": "execute_result",
     "data": {
      "text/plain": [
       "array([[ 8.68842310e-04,  1.92260706e-04,  2.70031002e-04,\n",
       "         2.87403604e-04,  2.54330001e-04,  6.32260590e-05,\n",
       "         2.11410211e-04,  2.51822221e-04,  1.58444892e-04,\n",
       "         6.66099319e-05,  1.61761458e-04,  1.91580997e-04,\n",
       "         1.39817268e-04,  1.85824616e-04,  1.78473023e-04],\n",
       "       [ 1.92260706e-04,  7.38055118e-04,  1.67667655e-04,\n",
       "         2.91626907e-04,  2.13747748e-04,  1.82964682e-05,\n",
       "         2.13286486e-04,  1.46479680e-04,  9.92612253e-05,\n",
       "         8.51117756e-05,  4.28240324e-05,  1.52176413e-04,\n",
       "         7.57735160e-05,  1.23284067e-04,  2.05502919e-04],\n",
       "       [ 2.70031002e-04,  1.67667655e-04,  5.74050836e-04,\n",
       "         2.59500759e-04,  2.11116785e-04,  6.73622438e-05,\n",
       "         1.97224473e-04,  2.43050989e-04,  1.91126072e-04,\n",
       "         9.78248254e-05,  1.25665566e-04,  1.78059368e-04,\n",
       "         1.46399613e-04,  1.53029774e-04,  1.75353570e-04],\n",
       "       [ 2.87403604e-04,  2.91626907e-04,  2.59500759e-04,\n",
       "         6.54695894e-04,  2.77449360e-04,  6.79405258e-05,\n",
       "         4.32878694e-04,  2.16130278e-04,  2.48457953e-04,\n",
       "         1.17820331e-04,  8.19909067e-05,  2.24573579e-04,\n",
       "         1.52683376e-04,  1.93108410e-04,  1.96276442e-04],\n",
       "       [ 2.54330001e-04,  2.13747748e-04,  2.11116785e-04,\n",
       "         2.77449360e-04,  5.84463029e-04,  4.00411247e-05,\n",
       "         2.11508308e-04,  1.89177174e-04,  1.68552789e-04,\n",
       "         9.06909847e-05,  8.01998923e-05,  1.78942167e-04,\n",
       "         1.16535202e-04,  1.95909327e-04,  1.98675861e-04],\n",
       "       [ 6.32260590e-05,  1.82964682e-05,  6.73622438e-05,\n",
       "         6.79405258e-05,  4.00411247e-05,  5.58372939e-04,\n",
       "         5.41314968e-05,  7.52937734e-05,  2.10389626e-05,\n",
       "         5.37069179e-05,  2.59685277e-04, -4.14686828e-07,\n",
       "         5.14105182e-05,  2.32472340e-05, -3.74176549e-06],\n",
       "       [ 2.11410211e-04,  2.13286486e-04,  1.97224473e-04,\n",
       "         4.32878694e-04,  2.11508308e-04,  5.41314968e-05,\n",
       "         4.32068251e-04,  1.68383150e-04,  2.01638065e-04,\n",
       "         8.81710787e-05,  7.03436657e-05,  1.64745446e-04,\n",
       "         1.18213580e-04,  1.49085439e-04,  1.54313969e-04],\n",
       "       [ 2.51822221e-04,  1.46479680e-04,  2.43050989e-04,\n",
       "         2.16130278e-04,  1.89177174e-04,  7.52937734e-05,\n",
       "         1.68383150e-04,  5.82918989e-04,  1.34746781e-04,\n",
       "         9.02389721e-05,  8.83507244e-05,  1.74494871e-04,\n",
       "         1.00209016e-04,  1.38215782e-04,  1.72899811e-04],\n",
       "       [ 1.58444892e-04,  9.92612253e-05,  1.91126072e-04,\n",
       "         2.48457953e-04,  1.68552789e-04,  2.10389626e-05,\n",
       "         2.01638065e-04,  1.34746781e-04,  3.33886751e-04,\n",
       "         3.05873063e-05,  5.91809637e-05,  1.78454629e-04,\n",
       "         9.19025572e-05,  1.04400251e-04,  1.11200823e-04],\n",
       "       [ 6.66099319e-05,  8.51117756e-05,  9.78248254e-05,\n",
       "         1.17820331e-04,  9.06909847e-05,  5.37069179e-05,\n",
       "         8.81710787e-05,  9.02389721e-05,  3.05873063e-05,\n",
       "         5.24505139e-04,  8.56668456e-05,  7.11749334e-05,\n",
       "         8.56894143e-05,  7.80573372e-05,  6.18972307e-05],\n",
       "       [ 1.61761458e-04,  4.28240324e-05,  1.25665566e-04,\n",
       "         8.19909067e-05,  8.01998923e-05,  2.59685277e-04,\n",
       "         7.03436657e-05,  8.83507244e-05,  5.91809637e-05,\n",
       "         8.56668456e-05,  6.72671755e-04,  6.11995884e-05,\n",
       "         1.13336165e-04,  6.48870542e-05,  6.45128453e-05],\n",
       "       [ 1.91580997e-04,  1.52176413e-04,  1.78059368e-04,\n",
       "         2.24573579e-04,  1.78942167e-04, -4.14686828e-07,\n",
       "         1.64745446e-04,  1.74494871e-04,  1.78454629e-04,\n",
       "         7.11749334e-05,  6.11995884e-05,  5.44732798e-04,\n",
       "         9.28638101e-05,  7.20811075e-05,  1.56859897e-04],\n",
       "       [ 1.39817268e-04,  7.57735160e-05,  1.46399613e-04,\n",
       "         1.52683376e-04,  1.16535202e-04,  5.14105182e-05,\n",
       "         1.18213580e-04,  1.00209016e-04,  9.19025572e-05,\n",
       "         8.56894143e-05,  1.13336165e-04,  9.28638101e-05,\n",
       "         4.77209233e-04,  1.32432958e-04,  7.15457343e-05],\n",
       "       [ 1.85824616e-04,  1.23284067e-04,  1.53029774e-04,\n",
       "         1.93108410e-04,  1.95909327e-04,  2.32472340e-05,\n",
       "         1.49085439e-04,  1.38215782e-04,  1.04400251e-04,\n",
       "         7.80573372e-05,  6.48870542e-05,  7.20811075e-05,\n",
       "         1.32432958e-04,  1.00130788e-03,  1.82715174e-04],\n",
       "       [ 1.78473023e-04,  2.05502919e-04,  1.75353570e-04,\n",
       "         1.96276442e-04,  1.98675861e-04, -3.74176549e-06,\n",
       "         1.54313969e-04,  1.72899811e-04,  1.11200823e-04,\n",
       "         6.18972307e-05,  6.45128453e-05,  1.56859897e-04,\n",
       "         7.15457343e-05,  1.82715174e-04,  7.44161288e-04]])"
      ]
     },
     "metadata": {},
     "execution_count": 3
    }
   ],
   "source": [
    "import numpy as np\n",
    "stock_list=[\"sz002594\",\"sh603517\",\"sh600031\",\n",
    "            \"sz000858\",\"sh603816\",\"sh600690\",\n",
    "            \"sh600519\",\"sz002493\",\"sh601318\",\n",
    "            \"sz000895\",\"sz002415\",\"sh601021\",\n",
    "            \"sz000333\",\"sz300413\",\"sz002332\"]\n",
    "day=70\n",
    "ExpReturn=[]\n",
    "ExpCov=[]\n",
    "for s in stock_list:\n",
    "    data = ak.stock_zh_a_daily(symbol=s, adjust=\"qfq\")\n",
    "    k=stock(data,s,day)\n",
    "    ExpReturn.append(k.ExpReturn0())\n",
    "    ExpCov.append(k.His_Return())\n",
    "ExpReturn=np.array(ExpReturn)\n",
    "ExpCov=np.array(ExpCov)\n",
    "ExpCov=np.cov(ExpCov)\n",
    "ExpCov"
   ]
  },
  {
   "cell_type": "code",
   "execution_count": 8,
   "metadata": {},
   "outputs": [
    {
     "output_type": "display_data",
     "data": {
      "text/plain": "<Figure size 432x288 with 1 Axes>",
