{
 "metadata": {
  "language_info": {
   "codemirror_mode": {
    "name": "ipython",
    "version": 3
   },
   "file_extension": ".py",
   "mimetype": "text/x-python",
   "name": "python",
   "nbconvert_exporter": "python",
   "pygments_lexer": "ipython3",
   "version": "3.8.9"
  },
  "orig_nbformat": 2,
  "kernelspec": {
   "name": "python389jvsc74a57bd02ef1dd72f2d322dedd276e8847cd815facfd22863a40d66ee505ec0535873890",
   "display_name": "Python 3.8.9 64-bit"
  },
  "metadata": {
   "interpreter": {
    "hash": "2ef1dd72f2d322dedd276e8847cd815facfd22863a40d66ee505ec0535873890"
   }
  }
 },
 "nbformat": 4,
 "nbformat_minor": 2,
 "cells": [
  {
   "cell_type": "code",
   "execution_count": 1,
   "metadata": {},
   "outputs": [],
   "source": [
    "from stock import* \n",
    "import numpy as np\n",
    "import akshare as ak\n",
    "import pandas as pd"
   ]
  },
  {
   "cell_type": "code",
   "execution_count": 2,
   "metadata": {
    "tags": []
   },
   "outputs": [
    {
     "output_type": "execute_result",
     "data": {
      "text/plain": [
       "array([[ 7.05470328e-04,  3.57526500e-04,  3.54820046e-04,\n",
       "         7.29593181e-04,  3.80467053e-04,  6.13420593e-05,\n",
       "         7.05470328e-04,  2.93571892e-04,  3.25316834e-04,\n",
       "         1.43452568e-04,  1.10401202e-04,  2.68527235e-04,\n",
       "         1.73970954e-04,  2.42227845e-04,  2.66132166e-04],\n",
       "       [ 3.57526500e-04,  1.27204959e-03,  2.94838160e-04,\n",
       "         4.97015834e-04,  4.33226486e-04,  6.21921486e-05,\n",
       "         3.57526500e-04,  2.75546725e-04,  1.17293178e-04,\n",
       "         1.42314509e-04,  1.10503778e-04,  2.40668809e-04,\n",
       "         1.49004185e-04,  1.97794568e-04,  4.05952834e-04],\n",
       "       [ 3.54820046e-04,  2.94838160e-04,  1.03226007e-03,\n",
       "         4.68887661e-04,  3.96600081e-04,  1.12507070e-04,\n",
       "         3.54820046e-04,  4.30016686e-04,  3.25743822e-04,\n",
       "         1.77443590e-04,  1.97653634e-04,  2.88558415e-04,\n",
       "         2.39520131e-04,  2.46045875e-04,  3.03292485e-04],\n",
       "       [ 7.29593181e-04,  4.97015834e-04,  4.68887661e-04,\n",
       "         1.14631655e-03,  5.27953087e-04,  1.13062879e-04,\n",
       "         7.29593181e-04,  3.95766126e-04,  4.17811344e-04,\n",
       "         1.84562219e-04,  1.42458677e-04,  3.62326666e-04,\n",
       "         2.36625203e-04,  2.88344651e-04,  3.54724674e-04],\n",
       "       [ 3.80467053e-04,  4.33226486e-04,  3.96600081e-04,\n",
       "         5.27953087e-04,  1.14667426e-03,  1.23548482e-04,\n",
       "         3.80467053e-04,  3.64471822e-04,  2.77771277e-04,\n",
       "         1.51254433e-04,  1.70221094e-04,  3.43678274e-04,\n",
       "         2.00769983e-04,  3.83157055e-04,  3.93287616e-04],\n",
       "       [ 6.13420593e-05,  6.21921486e-05,  1.12507070e-04,\n",
       "         1.13062879e-04,  1.23548482e-04,  1.00716051e-03,\n",
       "         6.13420593e-05,  1.48022396e-04,  1.57487776e-05,\n",
       "         8.27622472e-05,  4.54953136e-04,  3.21734661e-05,\n",
       "         9.36741636e-05,  4.26837196e-05, -5.99647252e-06],\n",
       "       [ 7.05470328e-04,  3.57526500e-04,  3.54820046e-04,\n",
       "         7.29593181e-04,  3.80467053e-04,  6.13420593e-05,\n",
       "         7.05470328e-04,  2.93571892e-04,  3.25316834e-04,\n",
       "         1.43452568e-04,  1.10401202e-04,  2.68527235e-04,\n",
       "         1.73970954e-04,  2.42227845e-04,  2.66132166e-04],\n",
       "       [ 2.93571892e-04,  2.75546725e-04,  4.30016686e-04,\n",
       "         3.95766126e-04,  3.64471822e-04,  1.48022396e-04,\n",
       "         2.93571892e-04,  1.14492342e-03,  2.04248549e-04,\n",
       "         1.66070176e-04,  1.67517697e-04,  2.95811923e-04,\n",
       "         1.94444791e-04,  1.90477143e-04,  3.01777433e-04],\n",
       "       [ 3.25316834e-04,  1.17293178e-04,  3.25743822e-04,\n",
       "         4.17811344e-04,  2.77771277e-04,  1.57487776e-05,\n",
       "         3.25316834e-04,  2.04248549e-04,  5.94440863e-04,\n",
       "         1.46543292e-05,  6.29789443e-05,  2.78392268e-04,\n",
       "         1.39248343e-04,  1.09044707e-04,  1.83118511e-04],\n",
       "       [ 1.43452568e-04,  1.42314509e-04,  1.77443590e-04,\n",
       "         1.84562219e-04,  1.51254433e-04,  8.27622472e-05,\n",
       "         1.43452568e-04,  1.66070176e-04,  1.46543292e-05,\n",
       "         9.76158099e-04,  1.17513381e-04,  9.77453646e-05,\n",
       "         1.26847482e-04,  1.06607259e-04,  5.30315556e-05],\n",
       "       [ 1.10401202e-04,  1.10503778e-04,  1.97653634e-04,\n",
       "         1.42458677e-04,  1.70221094e-04,  4.54953136e-04,\n",
       "         1.10401202e-04,  1.67517697e-04,  6.29789443e-05,\n",
       "         1.17513381e-04,  1.12207857e-03,  1.29470474e-04,\n",
       "         1.87056073e-04,  1.44779799e-04,  9.69952030e-05],\n",
       "       [ 2.68527235e-04,  2.40668809e-04,  2.88558415e-04,\n",
       "         3.62326666e-04,  3.43678274e-04,  3.21734661e-05,\n",
       "         2.68527235e-04,  2.95811923e-04,  2.78392268e-04,\n",
       "         9.77453646e-05,  1.29470474e-04,  8.92302528e-04,\n",
       "         1.08610626e-04,  8.78674816e-05,  2.47363050e-04],\n",
       "       [ 1.73970954e-04,  1.49004185e-04,  2.39520131e-04,\n",
       "         2.36625203e-04,  2.00769983e-04,  9.36741636e-05,\n",
       "         1.73970954e-04,  1.94444791e-04,  1.39248343e-04,\n",
       "         1.26847482e-04,  1.87056073e-04,  1.08610626e-04,\n",
       "         8.00046881e-04,  1.47143748e-04,  7.93619675e-05],\n",
       "       [ 2.42227845e-04,  1.97794568e-04,  2.46045875e-04,\n",
       "         2.88344651e-04,  3.83157055e-04,  4.26837196e-05,\n",
       "         2.42227845e-04,  1.90477143e-04,  1.09044707e-04,\n",
       "         1.06607259e-04,  1.44779799e-04,  8.78674816e-05,\n",
       "         1.47143748e-04,  1.82547408e-03,  3.96900500e-04],\n",
       "       [ 2.66132166e-04,  4.05952834e-04,  3.03292485e-04,\n",
       "         3.54724674e-04,  3.93287616e-04, -5.99647252e-06,\n",
       "         2.66132166e-04,  3.01777433e-04,  1.83118511e-04,\n",
       "         5.30315556e-05,  9.69952030e-05,  2.47363050e-04,\n",
       "         7.93619675e-05,  3.96900500e-04,  1.44293606e-03]])"
      ]
     },
     "metadata": {},
     "execution_count": 2
    }
   ],
   "source": [
    "import numpy as np\n",
    "stock_list=[\"sh600519\",\"sh603517\",\"sh600031\",\n",
    "            \"sz000858\",\"sh603816\",\"sh600690\",\n",
    "            \"sh600519\",\"sz002493\",\"sh601318\",\n",
    "            \"sz000895\",\"sz002415\",\"sh601021\",\n",
    "            \"sz000333\",\"sz300413\",\"sz002332\"]\n",
    "stock_list2=list(stock_zh_a_spot_df['代码'][0:50])\n",
    "day=70\n",
    "time = 30\n",
    "ExpReturn=[]\n",
    "ExpCov=[]\n",
    "stock_in_plan=[]\n",
    "for s in stock_list:\n",
    "    data = ak.stock_zh_a_daily(symbol=s, adjust=\"qfq\")\n",
    "    if len(data)>900: # 考察历史900天的数据\n",
    "        stock_in_plan.append(s)\n",
    "        k=stock(data,s,day)\n",
    "        ExpReturn.append(k.ExpReturn2())\n",
    "        ExpCov.append(k.His_Return2())\n",
    "ExpReturn=np.array(ExpReturn)*time\n",
    "ExpCov=np.array(ExpCov)\n",
    "ExpCov=np.cov(ExpCov)*time\n",
    "ExpCov"
   ]
  },
  {
   "cell_type": "code",
   "execution_count": 6,
   "metadata": {},
   "outputs": [
    {
     "output_type": "display_data",
     "data": {
      "text/plain": "<Figure size 432x288 with 1 Axes>",
      "image/svg+xml": "<?xml version=\"1.0\" encoding=\"utf-8\" standalone=\"no\"?>\r\n<!DOCTYPE svg PUBLIC \"-//W3C//DTD SVG 1.1//EN\"\r\n  \"http://www.w3.org/Graphics/SVG/1.1/DTD/svg11.dtd\">\r\n<svg height=\"279.391875pt\" version=\"1.1\" viewBox=\"0 0 390.679687 279.391875\" width=\"390.679687pt\" xmlns=\"http://www.w3.org/2000/svg\" xmlns:xlink=\"http://www.w3.org/1999/xlink\">\r\n <metadata>\r\n  <rdf:RDF xmlns:cc=\"http://creativecommons.org/ns#\" xmlns:dc=\"http://purl.org/dc/elements/1.1/\" xmlns:rdf=\"http://www.w3.org/1999/02/22-rdf-syntax-ns#\">\r\n   <cc:Work>\r\n    <dc:type rdf:resource=\"http://purl.org/dc/dcmitype/StillImage\"/>\r\n    <dc:date>2021-04-23T15:35:24.006528</dc:date>\r\n    <dc:format>image/svg+xml</dc:format>\r\n    <dc:creator>\r\n     <cc:Agent>\r\n      <dc:title>Matplotlib v3.4.1, https://matplotlib.org/</dc:title>\r\n     </cc:Agent>\r\n    </dc:creator>\r\n   </cc:Work>\r\n  </rdf:RDF>\r\n </metadata>\r\n <defs>\r\n  <style type=\"text/css\">*{stroke-linecap:butt;stroke-linejoin:round;}</style>\r\n </defs>\r\n <g id=\"figure_1\">\r\n  <g id=\"patch_1\">\r\n   <path d=\"M 0 279.391875 \r\nL 390.679687 279.391875 \r\nL 390.679687 0 \r\nL 0 0 \r\nz\r\n\" style=\"fill:none;\"/>\r\n  </g>\r\n  <g id=\"axes_1\">\r\n   <g id=\"patch_2\">\r\n    <path d=\"M 48.679688 240.2325 \r\nL 383.479688 240.2325 \r\nL 383.479688 22.7925 \r\nL 48.679688 22.7925 \r\nz\r\n\" style=\"fill:#ffffff;\"/>\r\n   </g>\r\n   <g id=\"PathCollection_1\">\r\n    <defs>\r\n     <path d=\"M 0 -3.535534 \r\nL -0.793777 -1.09254 \r\nL -3.362493 -1.09254 \r\nL -1.284358 0.417313 \r\nL -2.078135 2.860307 \r\nL -0 1.350454 \r\nL 2.078135 2.860307 \r\nL 1.284358 0.417313 \r\nL 3.362493 -1.09254 \r\nL 0.793777 -1.09254 \r\nz\r\n\" id=\"mb620914250\" style=\"stroke:#ff0000;\"/>\r\n    </defs>\r\n    <g clip-path=\"url(#p882619ec10)\">\r\n     <use style=\"fill:#ff0000;stroke:#ff0000;\" x=\"48.679688\" xlink:href=\"#mb620914250\" y=\"237.185693\"/>\r\n    </g>\r\n   </g>\r\n   <g id=\"matplotlib.axis_1\">\r\n    <g id=\"xtick_1\">\r\n     <g id=\"line2d_1\">\r\n      <defs>\r\n       <path d=\"M 0 0 \r\nL 0 3.5 \r\n\" id=\"m8b2e09a214\" style=\"stroke:#000000;stroke-width:0.8;\"/>\r\n      </defs>\r\n      <g>\r\n       <use style=\"stroke:#000000;stroke-width:0.8;\" x=\"48.679688\" xlink:href=\"#m8b2e09a214\" y=\"240.2325\"/>\r\n      </g>\r\n     </g>\r\n     <g id=\"text_1\">\r\n      <!-- 0.000 -->\r\n      <g transform=\"translate(35.747656 255.22625)scale(0.1 -0.1)\">\r\n       <defs>\r\n        <path d=\"M 284 2325 \r\nQ 284 3606 709 4264 \r\nQ 1134 4922 1941 4922 \r\nQ 3478 4922 3478 2441 \r\nQ 3478 1216 3045 567 \r\nQ 2613 -81 1831 -81 \r\nQ 1094 -81 689 534 \r\nQ 284 1150 284 2325 \r\nz\r\nM 909 2353 \r\nQ 909 425 1888 425 \r\nQ 2850 425 2850 2384 \r\nQ 2850 4413 1906 4413 \r\nQ 909 4413 909 2353 \r\nz\r\n\" id=\"MicrosoftYaHei-30\" transform=\"scale(0.015625)\"/>\r\n        <path d=\"M 372 322 \r\nQ 372 491 487 606 \r\nQ 603 722 775 722 \r\nQ 950 722 1065 605 \r\nQ 1181 488 1181 322 \r\nQ 1181 159 1065 42 \r\nQ 950 -75 772 -75 \r\nQ 600 -75 486 42 \r\nQ 372 159 372 322 \r\nz\r\n\" id=\"MicrosoftYaHei-2e\" transform=\"scale(0.015625)\"/>\r\n       </defs>\r\n       <use xlink:href=\"#MicrosoftYaHei-30\"/>\r\n       <use x=\"58.642578\" xlink:href=\"#MicrosoftYaHei-2e\"/>\r\n       <use x=\"82.714844\" xlink:href=\"#MicrosoftYaHei-30\"/>\r\n       <use x=\"141.357422\" xlink:href=\"#MicrosoftYaHei-30\"/>\r\n       <use x=\"200\" xlink:href=\"#MicrosoftYaHei-30\"/>\r\n      </g>\r\n     </g>\r\n    </g>\r\n    <g id=\"xtick_2\">\r\n     <g id=\"line2d_2\">\r\n      <g>\r\n       <use style=\"stroke:#000000;stroke-width:0.8;\" x=\"93.123183\" xlink:href=\"#m8b2e09a214\" y=\"240.2325\"/>\r\n      </g>\r\n     </g>\r\n     <g id=\"text_2\">\r\n      <!-- 0.005 -->\r\n      <g transform=\"translate(80.191152 255.22625)scale(0.1 -0.1)\">\r\n       <defs>\r\n        <path d=\"M 3294 1494 \r\nQ 3294 784 2823 350 \r\nQ 2353 -84 1559 -84 \r\nQ 878 -84 544 119 \r\nL 544 744 \r\nQ 1034 425 1544 425 \r\nQ 2050 425 2361 704 \r\nQ 2672 984 2672 1447 \r\nQ 2672 1909 2348 2167 \r\nQ 2025 2425 1434 2425 \r\nQ 978 2425 613 2384 \r\nL 791 4841 \r\nL 3053 4841 \r\nL 3053 4303 \r\nL 1306 4303 \r\nL 1206 2931 \r\nL 1647 2950 \r\nQ 2416 2950 2855 2567 \r\nQ 3294 2184 3294 1494 \r\nz\r\n\" id=\"MicrosoftYaHei-35\" transform=\"scale(0.015625)\"/>\r\n       </defs>\r\n       <use xlink:href=\"#MicrosoftYaHei-30\"/>\r\n       <use x=\"58.642578\" xlink:href=\"#MicrosoftYaHei-2e\"/>\r\n       <use x=\"82.714844\" xlink:href=\"#MicrosoftYaHei-30\"/>\r\n       <use x=\"141.357422\" xlink:href=\"#MicrosoftYaHei-30\"/>\r\n       <use x=\"200\" xlink:href=\"#MicrosoftYaHei-35\"/>\r\n      </g>\r\n     </g>\r\n    </g>\r\n    <g id=\"xtick_3\">\r\n     <g id=\"line2d_3\">\r\n      <g>\r\n       <use style=\"stroke:#000000;stroke-width:0.8;\" x=\"137.566679\" xlink:href=\"#m8b2e09a214\" y=\"240.2325\"/>\r\n      </g>\r\n     </g>\r\n     <g id=\"text_3\">\r\n      <!-- 0.010 -->\r\n      <g transform=\"translate(124.634647 255.22625)scale(0.1 -0.1)\">\r\n       <defs>\r\n        <path d=\"M 1781 0 \r\nL 1781 4141 \r\nQ 1638 3997 1295 3819 \r\nQ 953 3641 663 3569 \r\nL 663 4169 \r\nQ 1047 4275 1484 4508 \r\nQ 1922 4741 2156 4947 \r\nL 2388 4947 \r\nL 2388 0 \r\nL 1781 0 \r\nz\r\n\" id=\"MicrosoftYaHei-31\" transform=\"scale(0.015625)\"/>\r\n       </defs>\r\n       <use xlink:href=\"#MicrosoftYaHei-30\"/>\r\n       <use x=\"58.642578\" xlink:href=\"#MicrosoftYaHei-2e\"/>\r\n       <use x=\"82.714844\" xlink:href=\"#MicrosoftYaHei-30\"/>\r\n       <use x=\"141.357422\" xlink:href=\"#MicrosoftYaHei-31\"/>\r\n       <use x=\"200\" xlink:href=\"#MicrosoftYaHei-30\"/>\r\n      </g>\r\n     </g>\r\n    </g>\r\n    <g id=\"xtick_4\">\r\n     <g id=\"line2d_4\">\r\n      <g>\r\n       <use style=\"stroke:#000000;stroke-width:0.8;\" x=\"182.010174\" xlink:href=\"#m8b2e09a214\" y=\"240.2325\"/>\r\n      </g>\r\n     </g>\r\n     <g id=\"text_4\">\r\n      <!-- 0.015 -->\r\n      <g transform=\"translate(169.078143 255.22625)scale(0.1 -0.1)\">\r\n       <use xlink:href=\"#MicrosoftYaHei-30\"/>\r\n       <use x=\"58.642578\" xlink:href=\"#MicrosoftYaHei-2e\"/>\r\n       <use x=\"82.714844\" xlink:href=\"#MicrosoftYaHei-30\"/>\r\n       <use x=\"141.357422\" xlink:href=\"#MicrosoftYaHei-31\"/>\r\n       <use x=\"200\" xlink:href=\"#MicrosoftYaHei-35\"/>\r\n      </g>\r\n     </g>\r\n    </g>\r\n    <g id=\"xtick_5\">\r\n     <g id=\"line2d_5\">\r\n      <g>\r\n       <use style=\"stroke:#000000;stroke-width:0.8;\" x=\"226.45367\" xlink:href=\"#m8b2e09a214\" y=\"240.2325\"/>\r\n      </g>\r\n     </g>\r\n     <g id=\"text_5\">\r\n      <!-- 0.020 -->\r\n      <g transform=\"translate(213.521638 255.22625)scale(0.1 -0.1)\">\r\n       <defs>\r\n        <path d=\"M 2666 3572 \r\nQ 2666 3963 2419 4186 \r\nQ 2172 4409 1747 4409 \r\nQ 1447 4409 1140 4256 \r\nQ 834 4103 569 3819 \r\nL 569 4413 \r\nQ 806 4659 1107 4790 \r\nQ 1409 4922 1816 4922 \r\nQ 2472 4922 2872 4570 \r\nQ 3272 4219 3272 3619 \r\nQ 3272 3084 3026 2693 \r\nQ 2781 2303 2188 1894 \r\nQ 1581 1475 1376 1294 \r\nQ 1172 1113 1090 947 \r\nQ 1009 781 1009 544 \r\nL 3416 544 \r\nL 3416 0 \r\nL 372 0 \r\nL 372 241 \r\nQ 372 659 486 951 \r\nQ 600 1244 862 1520 \r\nQ 1125 1797 1681 2184 \r\nQ 2250 2584 2458 2886 \r\nQ 2666 3188 2666 3572 \r\nz\r\n\" id=\"MicrosoftYaHei-32\" transform=\"scale(0.015625)\"/>\r\n       </defs>\r\n       <use xlink:href=\"#MicrosoftYaHei-30\"/>\r\n       <use x=\"58.642578\" xlink:href=\"#MicrosoftYaHei-2e\"/>\r\n       <use x=\"82.714844\" xlink:href=\"#MicrosoftYaHei-30\"/>\r\n       <use x=\"141.357422\" xlink:href=\"#MicrosoftYaHei-32\"/>\r\n       <use x=\"200\" xlink:href=\"#MicrosoftYaHei-30\"/>\r\n      </g>\r\n     </g>\r\n    </g>\r\n    <g id=\"xtick_6\">\r\n     <g id=\"line2d_6\">\r\n      <g>\r\n       <use style=\"stroke:#000000;stroke-width:0.8;\" x=\"270.897165\" xlink:href=\"#m8b2e09a214\" y=\"240.2325\"/>\r\n      </g>\r\n     </g>\r\n     <g id=\"text_6\">\r\n      <!-- 0.025 -->\r\n      <g transform=\"translate(257.965134 255.22625)scale(0.1 -0.1)\">\r\n       <use xlink:href=\"#MicrosoftYaHei-30\"/>\r\n       <use x=\"58.642578\" xlink:href=\"#MicrosoftYaHei-2e\"/>\r\n       <use x=\"82.714844\" xlink:href=\"#MicrosoftYaHei-30\"/>\r\n       <use x=\"141.357422\" xlink:href=\"#MicrosoftYaHei-32\"/>\r\n       <use x=\"200\" xlink:href=\"#MicrosoftYaHei-35\"/>\r\n      </g>\r\n     </g>\r\n    </g>\r\n    <g id=\"xtick_7\">\r\n     <g id=\"line2d_7\">\r\n      <g>\r\n       <use style=\"stroke:#000000;stroke-width:0.8;\" x=\"315.340661\" xlink:href=\"#m8b2e09a214\" y=\"240.2325\"/>\r\n      </g>\r\n     </g>\r\n     <g id=\"text_7\">\r\n      <!-- 0.030 -->\r\n      <g transform=\"translate(302.408629 255.22625)scale(0.1 -0.1)\">\r\n       <defs>\r\n        <path d=\"M 447 809 \r\nQ 944 425 1569 425 \r\nQ 2069 425 2361 670 \r\nQ 2653 916 2653 1328 \r\nQ 2653 2247 1338 2247 \r\nL 934 2247 \r\nL 934 2753 \r\nL 1319 2753 \r\nQ 2484 2753 2484 3616 \r\nQ 2484 4413 1594 4413 \r\nQ 1084 4413 634 4069 \r\nL 634 4647 \r\nQ 1109 4922 1744 4922 \r\nQ 2363 4922 2738 4598 \r\nQ 3113 4275 3113 3759 \r\nQ 3113 2809 2144 2538 \r\nL 2144 2525 \r\nQ 2669 2469 2973 2155 \r\nQ 3278 1841 3278 1372 \r\nQ 3278 719 2808 319 \r\nQ 2338 -81 1556 -81 \r\nQ 869 -81 447 175 \r\nL 447 809 \r\nz\r\n\" id=\"MicrosoftYaHei-33\" transform=\"scale(0.015625)\"/>\r\n       </defs>\r\n       <use xlink:href=\"#MicrosoftYaHei-30\"/>\r\n       <use x=\"58.642578\" xlink:href=\"#MicrosoftYaHei-2e\"/>\r\n       <use x=\"82.714844\" xlink:href=\"#MicrosoftYaHei-30\"/>\r\n       <use x=\"141.357422\" xlink:href=\"#MicrosoftYaHei-33\"/>\r\n       <use x=\"200\" xlink:href=\"#MicrosoftYaHei-30\"/>\r\n      </g>\r\n     </g>\r\n    </g>\r\n    <g id=\"xtick_8\">\r\n     <g id=\"line2d_8\">\r\n      <g>\r\n       <use style=\"stroke:#000000;stroke-width:0.8;\" x=\"359.784156\" xlink:href=\"#m8b2e09a214\" y=\"240.2325\"/>\r\n      </g>\r\n     </g>\r\n     <g id=\"text_8\">\r\n      <!-- 0.035 -->\r\n      <g transform=\"translate(346.852125 255.22625)scale(0.1 -0.1)\">\r\n       <use xlink:href=\"#MicrosoftYaHei-30\"/>\r\n       <use x=\"58.642578\" xlink:href=\"#MicrosoftYaHei-2e\"/>\r\n       <use x=\"82.714844\" xlink:href=\"#MicrosoftYaHei-30\"/>\r\n       <use x=\"141.357422\" xlink:href=\"#MicrosoftYaHei-33\"/>\r\n       <use x=\"200\" xlink:href=\"#MicrosoftYaHei-35\"/>\r\n      </g>\r\n     </g>\r\n    </g>\r\n    <g id=\"text_9\">\r\n     <!-- Risk(Standard Deviation) -->\r\n     <g transform=\"translate(157.390625 269.705937)scale(0.1 -0.1)\">\r\n      <defs>\r\n       <path d=\"M 4159 0 \r\nL 3422 0 \r\nL 2619 1344 \r\nQ 2378 1747 2178 1892 \r\nQ 1978 2038 1700 2038 \r\nL 1250 2038 \r\nL 1250 0 \r\nL 625 0 \r\nL 625 4841 \r\nL 2100 4841 \r\nQ 2806 4841 3206 4500 \r\nQ 3606 4159 3606 3547 \r\nQ 3606 2541 2531 2241 \r\nL 2531 2225 \r\nQ 2731 2141 2876 1984 \r\nQ 3022 1828 3253 1450 \r\nL 4159 0 \r\nz\r\nM 1250 4294 \r\nL 1250 2584 \r\nL 1988 2584 \r\nQ 2416 2584 2683 2834 \r\nQ 2950 3084 2950 3491 \r\nQ 2950 3869 2706 4081 \r\nQ 2463 4294 1997 4294 \r\nL 1250 4294 \r\nz\r\n\" id=\"MicrosoftYaHei-52\" transform=\"scale(0.015625)\"/>\r\n       <path d=\"M 472 4675 \r\nQ 472 4838 583 4948 \r\nQ 694 5059 856 5059 \r\nQ 1022 5059 1136 4950 \r\nQ 1250 4841 1250 4675 \r\nQ 1250 4513 1136 4405 \r\nQ 1022 4297 856 4297 \r\nQ 691 4297 581 4405 \r\nQ 472 4513 472 4675 \r\nz\r\nM 544 0 \r\nL 544 3456 \r\nL 1156 3456 \r\nL 1156 0 \r\nL 544 0 \r\nz\r\n\" id=\"MicrosoftYaHei-69\" transform=\"scale(0.015625)\"/>\r\n       <path d=\"M 353 747 \r\nQ 816 413 1350 413 \r\nQ 2066 413 2066 881 \r\nQ 2066 1081 1909 1211 \r\nQ 1753 1341 1275 1519 \r\nQ 700 1750 528 1976 \r\nQ 356 2203 356 2525 \r\nQ 356 2984 745 3261 \r\nQ 1134 3538 1703 3538 \r\nQ 2144 3538 2522 3384 \r\nL 2522 2794 \r\nQ 2134 3044 1644 3044 \r\nQ 1350 3044 1165 2916 \r\nQ 981 2788 981 2578 \r\nQ 981 2372 1114 2256 \r\nQ 1247 2141 1703 1959 \r\nQ 2281 1744 2484 1512 \r\nQ 2688 1281 2688 941 \r\nQ 2688 466 2298 192 \r\nQ 1909 -81 1291 -81 \r\nQ 753 -81 353 122 \r\nL 353 747 \r\nz\r\n\" id=\"MicrosoftYaHei-73\" transform=\"scale(0.015625)\"/>\r\n       <path d=\"M 3484 0 \r\nL 2650 0 \r\nL 1172 1666 \r\nL 1159 1666 \r\nL 1159 0 \r\nL 547 0 \r\nL 547 5116 \r\nL 1159 5116 \r\nL 1159 1872 \r\nL 1172 1872 \r\nL 2575 3456 \r\nL 3363 3456 \r\nL 1800 1794 \r\nL 3484 0 \r\nz\r\n\" id=\"MicrosoftYaHei-6b\" transform=\"scale(0.015625)\"/>\r\n       <path d=\"M 1531 -1100 \r\nQ 478 100 478 1847 \r\nQ 478 3594 1531 4841 \r\nL 2072 4841 \r\nQ 1016 3544 1016 1853 \r\nQ 1016 166 2066 -1100 \r\nL 1531 -1100 \r\nz\r\n\" id=\"MicrosoftYaHei-28\" transform=\"scale(0.015625)\"/>\r\n       <path d=\"M 400 909 \r\nQ 622 716 994 591 \r\nQ 1366 466 1700 466 \r\nQ 2719 466 2719 1191 \r\nQ 2719 1394 2609 1556 \r\nQ 2500 1719 2309 1844 \r\nQ 2119 1969 1594 2228 \r\nQ 866 2591 634 2902 \r\nQ 403 3213 403 3613 \r\nQ 403 4216 887 4569 \r\nQ 1372 4922 2109 4922 \r\nQ 2831 4922 3169 4747 \r\nL 3169 4066 \r\nQ 2731 4369 2063 4369 \r\nQ 1619 4369 1339 4183 \r\nQ 1059 3997 1059 3666 \r\nQ 1059 3372 1253 3187 \r\nQ 1447 3003 2094 2684 \r\nQ 2806 2344 3090 2003 \r\nQ 3375 1663 3375 1238 \r\nQ 3375 600 2912 259 \r\nQ 2450 -81 1628 -81 \r\nQ 1341 -81 958 -1 \r\nQ 575 78 400 197 \r\nL 400 909 \r\nz\r\n\" id=\"MicrosoftYaHei-53\" transform=\"scale(0.015625)\"/>\r\n       <path d=\"M 2206 34 \r\nQ 2006 -75 1666 -75 \r\nQ 738 -75 738 953 \r\nL 738 2950 \r\nL 144 2950 \r\nL 144 3456 \r\nL 738 3456 \r\nL 738 4288 \r\nL 1347 4481 \r\nL 1347 3456 \r\nL 2206 3456 \r\nL 2206 2950 \r\nL 1347 2950 \r\nL 1347 1063 \r\nQ 1347 722 1462 575 \r\nQ 1578 428 1847 428 \r\nQ 2053 428 2206 544 \r\nL 2206 34 \r\nz\r\n\" id=\"MicrosoftYaHei-74\" transform=\"scale(0.015625)\"/>\r\n       <path d=\"M 628 3216 \r\nQ 1144 3538 1819 3538 \r\nQ 3069 3538 3069 2225 \r\nL 3069 0 \r\nL 2463 0 \r\nL 2463 534 \r\nL 2447 534 \r\nQ 2088 -81 1388 -81 \r\nQ 884 -81 587 191 \r\nQ 291 463 291 925 \r\nQ 291 1894 1438 2053 \r\nL 2463 2197 \r\nQ 2463 3044 1763 3044 \r\nQ 1141 3044 628 2625 \r\nL 628 3216 \r\nz\r\nM 1653 1625 \r\nQ 1228 1569 1067 1412 \r\nQ 906 1256 906 975 \r\nQ 906 728 1081 572 \r\nQ 1256 416 1544 416 \r\nQ 1944 416 2203 697 \r\nQ 2463 978 2463 1403 \r\nL 2463 1734 \r\nL 1653 1625 \r\nz\r\n\" id=\"MicrosoftYaHei-61\" transform=\"scale(0.015625)\"/>\r\n       <path d=\"M 3469 0 \r\nL 2859 0 \r\nL 2859 1966 \r\nQ 2859 3031 2081 3031 \r\nQ 1678 3031 1418 2731 \r\nQ 1159 2431 1159 1972 \r\nL 1159 0 \r\nL 547 0 \r\nL 547 3456 \r\nL 1159 3456 \r\nL 1159 2884 \r\nL 1172 2884 \r\nQ 1563 3538 2306 3538 \r\nQ 2875 3538 3172 3173 \r\nQ 3469 2809 3469 2113 \r\nL 3469 0 \r\nz\r\n\" id=\"MicrosoftYaHei-6e\" transform=\"scale(0.015625)\"/>\r\n       <path d=\"M 3547 0 \r\nL 2934 0 \r\nL 2934 575 \r\nL 2922 575 \r\nQ 2544 -81 1747 -81 \r\nQ 1091 -81 703 386 \r\nQ 316 853 316 1647 \r\nQ 316 2503 753 3020 \r\nQ 1191 3538 1897 3538 \r\nQ 2603 3538 2922 2988 \r\nL 2934 2988 \r\nL 2934 5116 \r\nL 3547 5116 \r\nL 3547 0 \r\nz\r\nM 2938 2056 \r\nQ 2938 2472 2664 2751 \r\nQ 2391 3031 1991 3031 \r\nQ 1503 3031 1222 2667 \r\nQ 941 2303 941 1675 \r\nQ 941 1097 1211 761 \r\nQ 1481 425 1931 425 \r\nQ 2375 425 2656 754 \r\nQ 2938 1084 2938 1575 \r\nL 2938 2056 \r\nz\r\n\" id=\"MicrosoftYaHei-64\" transform=\"scale(0.015625)\"/>\r\n       <path d=\"M 2400 2850 \r\nQ 2247 2959 1978 2959 \r\nQ 1622 2959 1390 2626 \r\nQ 1159 2294 1159 1750 \r\nL 1159 0 \r\nL 547 0 \r\nL 547 3456 \r\nL 1159 3456 \r\nL 1159 2753 \r\nL 1172 2753 \r\nQ 1434 3516 2078 3516 \r\nQ 2288 3516 2400 3469 \r\nL 2400 2850 \r\nz\r\n\" id=\"MicrosoftYaHei-72\" transform=\"scale(0.015625)\"/>\r\n       <path id=\"MicrosoftYaHei-20\" transform=\"scale(0.015625)\"/>\r\n       <path d=\"M 625 0 \r\nL 625 4841 \r\nL 2006 4841 \r\nQ 3106 4841 3836 4200 \r\nQ 4566 3559 4566 2481 \r\nQ 4566 1356 3836 678 \r\nQ 3106 0 1956 0 \r\nL 625 0 \r\nz\r\nM 1250 4284 \r\nL 1250 553 \r\nL 1953 553 \r\nQ 2875 553 3392 1056 \r\nQ 3909 1559 3909 2466 \r\nQ 3909 3372 3378 3828 \r\nQ 2847 4284 1981 4284 \r\nL 1250 4284 \r\nz\r\n\" id=\"MicrosoftYaHei-44\" transform=\"scale(0.015625)\"/>\r\n       <path d=\"M 3363 1572 \r\nL 944 1572 \r\nQ 959 1019 1246 717 \r\nQ 1534 416 2050 416 \r\nQ 2631 416 3116 788 \r\nL 3116 241 \r\nQ 2659 -81 1906 -81 \r\nQ 1156 -81 736 394 \r\nQ 316 869 316 1713 \r\nQ 316 2506 777 3022 \r\nQ 1238 3538 1922 3538 \r\nQ 2600 3538 2981 3102 \r\nQ 3363 2666 3363 1881 \r\nL 3363 1572 \r\nz\r\nM 2750 2063 \r\nQ 2747 2531 2528 2787 \r\nQ 2309 3044 1913 3044 \r\nQ 1547 3044 1280 2772 \r\nQ 1013 2500 944 2063 \r\nL 2750 2063 \r\nz\r\n\" id=\"MicrosoftYaHei-65\" transform=\"scale(0.015625)\"/>\r\n       <path d=\"M 3331 3456 \r\nL 1963 0 \r\nL 1344 0 \r\nL 44 3456 \r\nL 713 3456 \r\nL 1556 988 \r\nQ 1659 691 1678 491 \r\nL 1694 491 \r\nQ 1725 753 1803 975 \r\nL 2688 3456 \r\nL 3331 3456 \r\nz\r\n\" id=\"MicrosoftYaHei-76\" transform=\"scale(0.015625)\"/>\r\n       <path d=\"M 316 1691 \r\nQ 316 2547 794 3042 \r\nQ 1272 3538 2091 3538 \r\nQ 2869 3538 3311 3061 \r\nQ 3753 2584 3753 1744 \r\nQ 3753 925 3281 422 \r\nQ 2809 -81 2016 -81 \r\nQ 1241 -81 778 406 \r\nQ 316 894 316 1691 \r\nz\r\nM 941 1709 \r\nQ 941 1113 1242 769 \r\nQ 1544 425 2053 425 \r\nQ 2578 425 2853 761 \r\nQ 3128 1097 3128 1725 \r\nQ 3128 2356 2853 2693 \r\nQ 2578 3031 2053 3031 \r\nQ 1538 3031 1239 2678 \r\nQ 941 2325 941 1709 \r\nz\r\n\" id=\"MicrosoftYaHei-6f\" transform=\"scale(0.015625)\"/>\r\n       <path d=\"M 78 -1100 \r\nQ 1131 163 1131 1853 \r\nQ 1131 3547 72 4841 \r\nL 616 4841 \r\nQ 1672 3603 1672 1847 \r\nQ 1672 91 616 -1100 \r\nL 78 -1100 \r\nz\r\n\" id=\"MicrosoftYaHei-29\" transform=\"scale(0.015625)\"/>\r\n      </defs>\r\n      <use xlink:href=\"#MicrosoftYaHei-52\"/>\r\n      <use x=\"65.283203\" xlink:href=\"#MicrosoftYaHei-69\"/>\r\n      <use x=\"91.894531\" xlink:href=\"#MicrosoftYaHei-73\"/>\r\n      <use x=\"138.183594\" xlink:href=\"#MicrosoftYaHei-6b\"/>\r\n      <use x=\"192.626953\" xlink:href=\"#MicrosoftYaHei-28\"/>\r\n      <use x=\"226.025391\" xlink:href=\"#MicrosoftYaHei-53\"/>\r\n      <use x=\"280.240234\" xlink:href=\"#MicrosoftYaHei-74\"/>\r\n      <use x=\"317.496094\" xlink:href=\"#MicrosoftYaHei-61\"/>\r\n      <use x=\"372.769531\" xlink:href=\"#MicrosoftYaHei-6e\"/>\r\n      <use x=\"434.390625\" xlink:href=\"#MicrosoftYaHei-64\"/>\r\n      <use x=\"498.355469\" xlink:href=\"#MicrosoftYaHei-61\"/>\r\n      <use x=\"553.628906\" xlink:href=\"#MicrosoftYaHei-72\"/>\r\n      <use x=\"590.4375\" xlink:href=\"#MicrosoftYaHei-64\"/>\r\n      <use x=\"654.402344\" xlink:href=\"#MicrosoftYaHei-20\"/>\r\n      <use x=\"683.992188\" xlink:href=\"#MicrosoftYaHei-44\"/>\r\n      <use x=\"760.164062\" xlink:href=\"#MicrosoftYaHei-65\"/>\r\n      <use x=\"816.902344\" xlink:href=\"#MicrosoftYaHei-76\"/>\r\n      <use x=\"869.392578\" xlink:href=\"#MicrosoftYaHei-69\"/>\r\n      <use x=\"896.003906\" xlink:href=\"#MicrosoftYaHei-61\"/>\r\n      <use x=\"951.277344\" xlink:href=\"#MicrosoftYaHei-74\"/>\r\n      <use x=\"988.533203\" xlink:href=\"#MicrosoftYaHei-69\"/>\r\n      <use x=\"1015.144531\" xlink:href=\"#MicrosoftYaHei-6f\"/>\r\n      <use x=\"1078.71875\" xlink:href=\"#MicrosoftYaHei-6e\"/>\r\n      <use x=\"1140.339844\" xlink:href=\"#MicrosoftYaHei-29\"/>\r\n     </g>\r\n    </g>\r\n   </g>\r\n   <g id=\"matplotlib.axis_2\">\r\n    <g id=\"ytick_1\">\r\n     <g id=\"line2d_9\">\r\n      <defs>\r\n       <path d=\"M 0 0 \r\nL -3.5 0 \r\n\" id=\"medfa1db4ba\" style=\"stroke:#000000;stroke-width:0.8;\"/>\r\n      </defs>\r\n      <g>\r\n       <use style=\"stroke:#000000;stroke-width:0.8;\" x=\"48.679688\" xlink:href=\"#medfa1db4ba\" y=\"235.046167\"/>\r\n      </g>\r\n     </g>\r\n     <g id=\"text_10\">\r\n      <!-- 0.02 -->\r\n      <g transform=\"translate(21.679688 239.043042)scale(0.1 -0.1)\">\r\n       <use xlink:href=\"#MicrosoftYaHei-30\"/>\r\n       <use x=\"58.642578\" xlink:href=\"#MicrosoftYaHei-2e\"/>\r\n       <use x=\"82.714844\" xlink:href=\"#MicrosoftYaHei-30\"/>\r\n       <use x=\"141.357422\" xlink:href=\"#MicrosoftYaHei-32\"/>\r\n      </g>\r\n     </g>\r\n    </g>\r\n    <g id=\"ytick_2\">\r\n     <g id=\"line2d_10\">\r\n      <g>\r\n       <use style=\"stroke:#000000;stroke-width:0.8;\" x=\"48.679688\" xlink:href=\"#medfa1db4ba\" y=\"204.578098\"/>\r\n      </g>\r\n     </g>\r\n     <g id=\"text_11\">\r\n      <!-- 0.04 -->\r\n      <g transform=\"translate(21.679688 208.574973)scale(0.1 -0.1)\">\r\n       <defs>\r\n        <path d=\"M 2906 4841 \r\nL 2906 1644 \r\nL 3631 1644 \r\nL 3631 1138 \r\nL 2906 1138 \r\nL 2906 0 \r\nL 2313 0 \r\nL 2313 1138 \r\nL 53 1138 \r\nL 53 1616 \r\nQ 656 2294 1265 3178 \r\nQ 1875 4063 2272 4841 \r\nL 2906 4841 \r\nz\r\nM 741 1644 \r\nL 2313 1644 \r\nL 2313 3950 \r\nQ 1988 3366 1616 2817 \r\nQ 1244 2269 741 1644 \r\nz\r\n\" id=\"MicrosoftYaHei-34\" transform=\"scale(0.015625)\"/>\r\n       </defs>\r\n       <use xlink:href=\"#MicrosoftYaHei-30\"/>\r\n       <use x=\"58.642578\" xlink:href=\"#MicrosoftYaHei-2e\"/>\r\n       <use x=\"82.714844\" xlink:href=\"#MicrosoftYaHei-30\"/>\r\n       <use x=\"141.357422\" xlink:href=\"#MicrosoftYaHei-34\"/>\r\n      </g>\r\n     </g>\r\n    </g>\r\n    <g id=\"ytick_3\">\r\n     <g id=\"line2d_11\">\r\n      <g>\r\n       <use style=\"stroke:#000000;stroke-width:0.8;\" x=\"48.679688\" xlink:href=\"#medfa1db4ba\" y=\"174.110029\"/>\r\n      </g>\r\n     </g>\r\n     <g id=\"text_12\">\r\n      <!-- 0.06 -->\r\n      <g transform=\"translate(21.679688 178.106904)scale(0.1 -0.1)\">\r\n       <defs>\r\n        <path d=\"M 3181 4219 \r\nQ 2803 4413 2391 4413 \r\nQ 1763 4413 1381 3866 \r\nQ 1000 3319 994 2372 \r\nL 1009 2372 \r\nQ 1353 3038 2106 3038 \r\nQ 2734 3038 3109 2628 \r\nQ 3484 2219 3484 1541 \r\nQ 3484 831 3051 375 \r\nQ 2619 -81 1947 -81 \r\nQ 1209 -81 789 495 \r\nQ 369 1072 369 2131 \r\nQ 369 3413 920 4167 \r\nQ 1472 4922 2372 4922 \r\nQ 2888 4922 3181 4781 \r\nL 3181 4219 \r\nz\r\nM 1031 1584 \r\nQ 1031 1106 1286 765 \r\nQ 1541 425 1963 425 \r\nQ 2363 425 2613 719 \r\nQ 2863 1013 2863 1475 \r\nQ 2863 1975 2627 2253 \r\nQ 2391 2531 1956 2531 \r\nQ 1544 2531 1287 2250 \r\nQ 1031 1969 1031 1584 \r\nz\r\n\" id=\"MicrosoftYaHei-36\" transform=\"scale(0.015625)\"/>\r\n       </defs>\r\n       <use xlink:href=\"#MicrosoftYaHei-30\"/>\r\n       <use x=\"58.642578\" xlink:href=\"#MicrosoftYaHei-2e\"/>\r\n       <use x=\"82.714844\" xlink:href=\"#MicrosoftYaHei-30\"/>\r\n       <use x=\"141.357422\" xlink:href=\"#MicrosoftYaHei-36\"/>\r\n      </g>\r\n     </g>\r\n    </g>\r\n    <g id=\"ytick_4\">\r\n     <g id=\"line2d_12\">\r\n      <g>\r\n       <use style=\"stroke:#000000;stroke-width:0.8;\" x=\"48.679688\" xlink:href=\"#medfa1db4ba\" y=\"143.641959\"/>\r\n      </g>\r\n     </g>\r\n     <g id=\"text_13\">\r\n      <!-- 0.08 -->\r\n      <g transform=\"translate(21.679688 147.638834)scale(0.1 -0.1)\">\r\n       <defs>\r\n        <path d=\"M 306 1350 \r\nQ 306 1769 556 2122 \r\nQ 806 2475 1200 2625 \r\nQ 884 2803 700 3081 \r\nQ 516 3359 516 3684 \r\nQ 516 4028 692 4312 \r\nQ 869 4597 1183 4759 \r\nQ 1497 4922 1875 4922 \r\nQ 2256 4922 2572 4761 \r\nQ 2888 4600 3063 4315 \r\nQ 3238 4031 3238 3684 \r\nQ 3238 3366 3058 3086 \r\nQ 2878 2806 2559 2625 \r\nQ 2953 2472 3200 2119 \r\nQ 3447 1766 3447 1350 \r\nQ 3447 938 3250 611 \r\nQ 3053 284 2690 103 \r\nQ 2328 -78 1875 -78 \r\nQ 1425 -78 1065 103 \r\nQ 706 284 506 612 \r\nQ 306 941 306 1350 \r\nz\r\nM 906 1378 \r\nQ 906 947 1172 687 \r\nQ 1438 428 1878 428 \r\nQ 2309 428 2582 692 \r\nQ 2856 956 2856 1378 \r\nQ 2856 1778 2579 2051 \r\nQ 2303 2325 1878 2325 \r\nQ 1456 2325 1181 2058 \r\nQ 906 1791 906 1378 \r\nz\r\nM 1081 3634 \r\nQ 1081 3309 1312 3076 \r\nQ 1544 2844 1878 2844 \r\nQ 2206 2844 2445 3078 \r\nQ 2684 3313 2684 3634 \r\nQ 2684 3963 2454 4191 \r\nQ 2225 4419 1878 4419 \r\nQ 1534 4419 1307 4195 \r\nQ 1081 3972 1081 3634 \r\nz\r\n\" id=\"MicrosoftYaHei-38\" transform=\"scale(0.015625)\"/>\r\n       </defs>\r\n       <use xlink:href=\"#MicrosoftYaHei-30\"/>\r\n       <use x=\"58.642578\" xlink:href=\"#MicrosoftYaHei-2e\"/>\r\n       <use x=\"82.714844\" xlink:href=\"#MicrosoftYaHei-30\"/>\r\n       <use x=\"141.357422\" xlink:href=\"#MicrosoftYaHei-38\"/>\r\n      </g>\r\n     </g>\r\n    </g>\r\n    <g id=\"ytick_5\">\r\n     <g id=\"line2d_13\">\r\n      <g>\r\n       <use style=\"stroke:#000000;stroke-width:0.8;\" x=\"48.679688\" xlink:href=\"#medfa1db4ba\" y=\"113.17389\"/>\r\n      </g>\r\n     </g>\r\n     <g id=\"text_14\">\r\n      <!-- 0.10 -->\r\n      <g transform=\"translate(21.679688 117.170765)scale(0.1 -0.1)\">\r\n       <use xlink:href=\"#MicrosoftYaHei-30\"/>\r\n       <use x=\"58.642578\" xlink:href=\"#MicrosoftYaHei-2e\"/>\r\n       <use x=\"82.714844\" xlink:href=\"#MicrosoftYaHei-31\"/>\r\n       <use x=\"141.357422\" xlink:href=\"#MicrosoftYaHei-30\"/>\r\n      </g>\r\n     </g>\r\n    </g>\r\n    <g id=\"ytick_6\">\r\n     <g id=\"line2d_14\">\r\n      <g>\r\n       <use style=\"stroke:#000000;stroke-width:0.8;\" x=\"48.679688\" xlink:href=\"#medfa1db4ba\" y=\"82.705821\"/>\r\n      </g>\r\n     </g>\r\n     <g id=\"text_15\">\r\n      <!-- 0.12 -->\r\n      <g transform=\"translate(21.679688 86.702696)scale(0.1 -0.1)\">\r\n       <use xlink:href=\"#MicrosoftYaHei-30\"/>\r\n       <use x=\"58.642578\" xlink:href=\"#MicrosoftYaHei-2e\"/>\r\n       <use x=\"82.714844\" xlink:href=\"#MicrosoftYaHei-31\"/>\r\n       <use x=\"141.357422\" xlink:href=\"#MicrosoftYaHei-32\"/>\r\n      </g>\r\n     </g>\r\n    </g>\r\n    <g id=\"ytick_7\">\r\n     <g id=\"line2d_15\">\r\n      <g>\r\n       <use style=\"stroke:#000000;stroke-width:0.8;\" x=\"48.679688\" xlink:href=\"#medfa1db4ba\" y=\"52.237752\"/>\r\n      </g>\r\n     </g>\r\n     <g id=\"text_16\">\r\n      <!-- 0.14 -->\r\n      <g transform=\"translate(21.679688 56.234627)scale(0.1 -0.1)\">\r\n       <use xlink:href=\"#MicrosoftYaHei-30\"/>\r\n       <use x=\"58.642578\" xlink:href=\"#MicrosoftYaHei-2e\"/>\r\n       <use x=\"82.714844\" xlink:href=\"#MicrosoftYaHei-31\"/>\r\n       <use x=\"141.357422\" xlink:href=\"#MicrosoftYaHei-34\"/>\r\n      </g>\r\n     </g>\r\n    </g>\r\n    <g id=\"text_17\">\r\n     <!-- Expected Return -->\r\n     <g transform=\"translate(15.19375 170.539844)rotate(-90)scale(0.1 -0.1)\">\r\n      <defs>\r\n       <path d=\"M 3228 0 \r\nL 625 0 \r\nL 625 4841 \r\nL 3119 4841 \r\nL 3119 4284 \r\nL 1250 4284 \r\nL 1250 2734 \r\nL 2981 2734 \r\nL 2981 2181 \r\nL 1250 2181 \r\nL 1250 553 \r\nL 3228 553 \r\nL 3228 0 \r\nz\r\n\" id=\"MicrosoftYaHei-45\" transform=\"scale(0.015625)\"/>\r\n       <path d=\"M 3163 3456 \r\nL 2006 1716 \r\nL 3147 0 \r\nL 2434 0 \r\nL 1775 1100 \r\nQ 1722 1188 1625 1369 \r\nL 1613 1369 \r\nQ 1609 1350 1456 1100 \r\nL 784 0 \r\nL 81 0 \r\nL 1256 1697 \r\nL 134 3456 \r\nL 847 3456 \r\nL 1494 2300 \r\nQ 1553 2194 1638 2025 \r\nL 1650 2025 \r\nL 2491 3456 \r\nL 3163 3456 \r\nz\r\n\" id=\"MicrosoftYaHei-78\" transform=\"scale(0.015625)\"/>\r\n       <path d=\"M 1159 488 \r\nL 1159 -1591 \r\nL 547 -1591 \r\nL 547 3456 \r\nL 1159 3456 \r\nL 1159 2859 \r\nL 1172 2859 \r\nQ 1578 3538 2359 3538 \r\nQ 3022 3538 3398 3073 \r\nQ 3775 2609 3775 1828 \r\nQ 3775 966 3348 442 \r\nQ 2922 -81 2200 -81 \r\nQ 1534 -81 1172 488 \r\nL 1159 488 \r\nz\r\nM 1156 1425 \r\nQ 1156 1003 1428 714 \r\nQ 1700 425 2109 425 \r\nQ 2597 425 2872 800 \r\nQ 3147 1175 3147 1838 \r\nQ 3147 2397 2890 2714 \r\nQ 2634 3031 2191 3031 \r\nQ 1738 3031 1447 2709 \r\nQ 1156 2388 1156 1884 \r\nL 1156 1425 \r\nz\r\n\" id=\"MicrosoftYaHei-70\" transform=\"scale(0.015625)\"/>\r\n       <path d=\"M 2934 156 \r\nQ 2538 -81 1978 -81 \r\nQ 1228 -81 772 400 \r\nQ 316 881 316 1647 \r\nQ 316 2497 808 3017 \r\nQ 1300 3538 2125 3538 \r\nQ 2600 3538 2938 3369 \r\nL 2938 2763 \r\nQ 2572 3031 2125 3031 \r\nQ 1600 3031 1270 2667 \r\nQ 941 2303 941 1697 \r\nQ 941 1100 1252 762 \r\nQ 1563 425 2091 425 \r\nQ 2538 425 2934 719 \r\nL 2934 156 \r\nz\r\n\" id=\"MicrosoftYaHei-63\" transform=\"scale(0.015625)\"/>\r\n       <path d=\"M 3400 0 \r\nL 2784 0 \r\nL 2784 544 \r\nL 2772 544 \r\nQ 2425 -81 1706 -81 \r\nQ 478 -81 478 1388 \r\nL 478 3456 \r\nL 1084 3456 \r\nL 1084 1478 \r\nQ 1084 425 1891 425 \r\nQ 2291 425 2537 720 \r\nQ 2784 1016 2784 1466 \r\nL 2784 3456 \r\nL 3400 3456 \r\nL 3400 0 \r\nz\r\n\" id=\"MicrosoftYaHei-75\" transform=\"scale(0.015625)\"/>\r\n      </defs>\r\n      <use xlink:href=\"#MicrosoftYaHei-45\"/>\r\n      <use x=\"54.980469\" xlink:href=\"#MicrosoftYaHei-78\"/>\r\n      <use x=\"105.664062\" xlink:href=\"#MicrosoftYaHei-70\"/>\r\n      <use x=\"169.53125\" xlink:href=\"#MicrosoftYaHei-65\"/>\r\n      <use x=\"226.269531\" xlink:href=\"#MicrosoftYaHei-63\"/>\r\n      <use x=\"276.416016\" xlink:href=\"#MicrosoftYaHei-74\"/>\r\n      <use x=\"312.796875\" xlink:href=\"#MicrosoftYaHei-65\"/>\r\n      <use x=\"369.535156\" xlink:href=\"#MicrosoftYaHei-64\"/>\r\n      <use x=\"433.5\" xlink:href=\"#MicrosoftYaHei-20\"/>\r\n      <use x=\"463.089844\" xlink:href=\"#MicrosoftYaHei-52\"/>\r\n      <use x=\"525.373047\" xlink:href=\"#MicrosoftYaHei-65\"/>\r\n      <use x=\"582.111328\" xlink:href=\"#MicrosoftYaHei-74\"/>\r\n      <use x=\"619.367188\" xlink:href=\"#MicrosoftYaHei-75\"/>\r\n      <use x=\"680.988281\" xlink:href=\"#MicrosoftYaHei-72\"/>\r\n      <use x=\"718.921875\" xlink:href=\"#MicrosoftYaHei-6e\"/>\r\n     </g>\r\n    </g>\r\n   </g>\r\n   <g id=\"line2d_16\">\r\n    <path clip-path=\"url(#p882619ec10)\" d=\"M 265.396464 218.288453 \r\nL 258.930259 216.390686 \r\nL 252.963847 214.492919 \r\nL 247.488819 212.595152 \r\nL 242.345365 210.697385 \r\nL 237.529547 208.799618 \r\nL 233.059396 206.901851 \r\nL 228.964316 205.004084 \r\nL 225.244889 203.106317 \r\nL 221.793862 201.20855 \r\nL 218.529467 199.310783 \r\nL 215.285436 197.413016 \r\nL 212.217617 195.515248 \r\nL 209.277261 193.617481 \r\nL 206.455694 191.719714 \r\nL 203.760811 189.821947 \r\nL 201.194302 187.92418 \r\nL 198.774373 186.026413 \r\nL 196.499691 184.128646 \r\nL 194.378529 182.230879 \r\nL 192.418825 180.333112 \r\nL 190.629327 178.435345 \r\nL 189.005041 176.537578 \r\nL 187.521804 174.639811 \r\nL 186.182072 172.742044 \r\nL 184.993251 170.844277 \r\nL 183.965387 168.94651 \r\nL 183.094882 167.048743 \r\nL 182.453379 165.150976 \r\nL 181.863887 163.253209 \r\nL 181.353297 161.355442 \r\nL 180.874077 159.457675 \r\nL 180.606643 157.559908 \r\nL 180.2616 155.662141 \r\nL 180.086053 153.764374 \r\nL 179.977379 151.866607 \r\nL 179.937218 149.96884 \r\nL 179.955829 148.071073 \r\nL 180.057408 146.173306 \r\nL 180.212908 144.275539 \r\nL 180.423556 142.377772 \r\nL 180.74833 140.480005 \r\nL 181.062471 138.582238 \r\nL 181.442803 136.684471 \r\nL 181.882974 134.786704 \r\nL 182.386775 132.888937 \r\nL 182.945306 130.99117 \r\nL 183.561065 129.093403 \r\nL 184.226634 127.195636 \r\nL 184.943363 125.297869 \r\nL 185.744645 123.400102 \r\nL 186.532994 121.502334 \r\nL 187.420013 119.604567 \r\nL 188.344272 117.7068 \r\nL 189.310309 115.809033 \r\nL 190.315817 113.911266 \r\nL 191.373208 112.013499 \r\nL 192.431639 110.115732 \r\nL 193.571799 108.217965 \r\nL 194.757368 106.320198 \r\nL 196.057621 104.422431 \r\nL 197.464829 102.524664 \r\nL 198.857515 100.626897 \r\nL 200.315825 98.72913 \r\nL 201.834364 96.831363 \r\nL 203.397902 94.933596 \r\nL 205.038902 93.035829 \r\nL 206.688244 91.138062 \r\nL 208.436858 89.240295 \r\nL 210.249711 87.342528 \r\nL 212.139676 85.444761 \r\nL 214.086896 83.546994 \r\nL 216.151658 81.649227 \r\nL 218.385185 79.75146 \r\nL 220.671801 77.853693 \r\nL 223.107762 75.955926 \r\nL 225.655268 74.058159 \r\nL 228.315458 72.160392 \r\nL 231.149993 70.262625 \r\nL 234.116981 68.364858 \r\nL 237.242238 66.467091 \r\nL 240.521346 64.569324 \r\nL 243.956781 62.671557 \r\nL 247.50257 60.77379 \r\nL 251.206993 58.876023 \r\nL 255.046467 56.978256 \r\nL 258.952756 55.080489 \r\nL 263.05486 53.182722 \r\nL 267.204399 51.284955 \r\nL 271.475414 49.387188 \r\nL 275.844633 47.489421 \r\nL 280.333079 45.591653 \r\nL 284.921463 43.693886 \r\nL 289.554311 41.796119 \r\nL 294.324616 39.898352 \r\nL 299.18616 38.000585 \r\nL 304.450549 36.102818 \r\nL 310.701884 34.205051 \r\nL 330.430437 32.307284 \r\nL 365.702289 30.409517 \r\n\" style=\"fill:none;stroke:#1f77b4;stroke-linecap:square;stroke-width:1.5;\"/